Format Version,1.0,
Take Name,251212_perturb_40_001,
Capture Frame Rate,1000.00,
Export Frame Rate,100.00,
Capture Start Time,12 Dec 2025 16:44:17 +0900,
Total Frames In Take,304,
Total Exported Frames,3040,
Coordinate Space,Local,
Device Name,Bertec 0 3110014081209352,
Device Type,2,
Device Channel Count,6,
Mocap Rate,100.00,
Mocap Rate Multiple,10.00,

PlateLength,10.000000,
PlateWidth,10.000000,
PlateOrder,3,
PosX_PosY_X,1.418340,
PosX_PosY_Y,0.160693,
PosX_PosY_Z,0.458482,
NegX_PosY_X,1.411820,
NegX_PosY_Y,0.168183,
NegX_PosY_Z,0.713453,
NegX_NegY_X,1.157210,
NegX_NegY_Y,0.170595,
NegX_NegY_Z,0.706478,
PosX_NegY_X,1.163730,
PosX_NegY_Y,0.163105,
PosX_NegY_Z,0.451508,
Offset_X,0.000000,
Offset_Y,0.000000,
Offset_Z,0.000000


MocapFrame, MocapTime, DeviceFrame, Fx, Fy, Fz, Mx, My, Mz, Cx, Cy, Cz
0,0.000000,0,-0.240151,-0.161225,0.541588,0.005371,0.041675,-0.023970,-0.076949,0.009917,0.000000
0,0.000000,1,-0.241361,-0.163815,0.178707,0.075461,-0.007435,-0.026490,0.041606,0.422260,0.000000
0,0.000000,2,0.192477,-0.187406,-0.553860,-0.063879,0.013665,-0.026120,0.024672,0.115333,0.000000
0,0.000000,3,0.423540,0.022163,0.174595,0.067451,0.023955,0.047900,-0.137203,0.386329,0.000000
0,0.000000,4,0.645112,0.014526,-0.207853,0.139721,-0.015005,0.013610,-0.072191,-0.672212,0.000000
0,0.000000,5,0.215547,0.044033,-0.224819,-0.000119,-0.034925,0.020280,-0.155347,0.000528,0.000000
0,0.000000,6,0.215547,0.044033,-0.224819,-0.000119,-0.034925,0.020280,-0.155347,0.000528,0.000000
0,0.000000,7,-0.235831,0.046405,0.570473,-0.006929,0.042025,-0.065830,-0.073666,-0.012147,0.000000
0,0.000000,8,-0.453800,-0.144335,0.154991,-0.064349,0.080785,-0.058080,-0.521222,-0.415180,0.000000
0,0.000000,9,-0.240151,-0.161225,0.541588,0.005371,0.041675,-0.023970,-0.076949,0.009917,0.000000
1,0.010000,10,0.000000,0.000000,0.000000,0.000000,0.000000,0.000000,0.000000,0.000000,0.000000
1,0.010000,11,0.000000,0.000000,0.000000,0.000000,0.000000,0.000000,0.000000,0.000000,0.000000
1,0.010000,12,0.000000,0.000000,0.000000,0.000000,0.000000,0.000000,0.000000,0.000000,0.000000
1,0.010000,13,0.000000,0.000000,0.000000,0.000000,0.000000,0.000000,0.000000,0.000000,0.000000
1,0.010000,14,0.000000,0.000000,0.000000,0.000000,0.000000,0.000000,0.000000,0.000000,0.000000
1,0.010000,15,0.000000,0.000000,0.000000,0.000000,0.000000,0.000000,0.000000,0.000000,0.000000
1,0.010000,16,0.000000,0.000000,0.000000,0.000000,0.000000,0.000000,0.000000,0.000000,0.000000
1,0.010000,17,0.000000,0.000000,0.000000,0.000000,0.000000,0.000000,0.000000,0.000000,0.000000
1,0.010000,18,0.000000,0.000000,0.000000,0.000000,0.000000,0.000000,0.000000,0.000000,0.000000
1,0.010000,19,0.000000,0.000000,0.000000,0.000000,0.000000,0.000000,0.000000,0.000000,0.000000
2,0.020000,20,0.000000,0.000000,0.000000,0.000000,0.000000,0.000000,0.000000,0.000000,0.000000
2,0.020000,21,0.000000,0.000000,0.000000,0.000000,0.000000,0.000000,0.000000,0.000000,0.000000
2,0.020000,22,0.000000,0.000000,0.000000,0.000000,0.000000,0.000000,0.000000,0.000000,0.000000
2,0.020000,23,0.000000,0.000000,0.000000,0.000000,0.000000,0.000000,0.000000,0.000000,0.000000
2,0.020000,24,0.000000,0.000000,0.000000,0.000000,0.000000,0.000000,0.000000,0.000000,0.000000
2,0.020000,25,0.000000,0.000000,0.000000,0.000000,0.000000,0.000000,0.000000,0.000000,0.000000
2,0.020000,26,0.000000,0.000000,0.000000,0.000000,0.000000,0.000000,0.000000,0.000000,0.000000
2,0.020000,27,0.000000,0.000000,0.000000,0.000000,0.000000,0.000000,0.000000,0.000000,0.000000
2,0.020000,28,0.000000,0.000000,0.000000,0.000000,0.000000,0.000000,0.000000,0.000000,0.000000
2,0.020000,29,0.000000,0.000000,0.000000,0.000000,0.000000,0.000000,0.000000,0.000000,0.000000
3,0.030000,30,0.000000,0.000000,0.000000,0.000000,0.000000,0.000000,0.000000,0.000000,0.000000
3,0.030000,31,0.000000,0.000000,0.000000,0.000000,0.000000,0.000000,0.000000,0.000000,0.000000
3,0.030000,32,0.000000,0.000000,0.000000,0.000000,0.000000,0.000000,0.000000,0.000000,0.000000
3,0.030000,33,0.000000,0.000000,0.000000,0.000000,0.000000,0.000000,0.000000,0.000000,0.000000
3,0.030000,34,0.000000,0.000000,0.000000,0.000000,0.000000,0.000000,0.000000,0.000000,0.000000
3,0.030000,35,0.000000,0.000000,0.000000,0.000000,0.000000,0.000000,0.000000,0.000000,0.000000
3,0.030000,36,0.000000,0.000000,0.000000,0.000000,0.000000,0.000000,0.000000,0.000000,0.000000
3,0.030000,37,0.000000,0.000000,0.000000,0.000000,0.000000,0.000000,0.000000,0.000000,0.000000
3,0.030000,38,0.000000,0.000000,0.000000,0.000000,0.000000,0.000000,0.000000,0.000000,0.000000
3,0.030000,39,0.000000,0.000000,0.000000,0.000000,0.000000,0.000000,0.000000,0.000000,0.000000
4,0.040000,40,0.000000,0.000000,0.000000,0.000000,0.000000,0.000000,0.000000,0.000000,0.000000
4,0.040000,41,0.000000,0.000000,0.000000,0.000000,0.000000,0.000000,0.000000,0.000000,0.000000
4,0.040000,42,0.000000,0.000000,0.000000,0.000000,0.000000,0.000000,0.000000,0.000000,0.000000
4,0.040000,43,0.000000,0.000000,0.000000,0.000000,0.000000,0.000000,0.000000,0.000000,0.000000
4,0.040000,44,0.000000,0.000000,0.000000,0.000000,0.000000,0.000000,0.000000,0.000000,0.000000
4,0.040000,45,0.000000,0.000000,0.000000,0.000000,0.000000,0.000000,0.000000,0.000000,0.000000
4,0.040000,46,0.000000,0.000000,0.000000,0.000000,0.000000,0.000000,0.000000,0.000000,0.000000
4,0.040000,47,0.000000,0.000000,0.000000,0.000000,0.000000,0.000000,0.000000,0.000000,0.000000
4,0.040000,48,0.000000,0.000000,0.000000,0.000000,0.000000,0.000000,0.000000,0.000000,0.000000
4,0.040000,49,0.000000,0.000000,0.000000,0.000000,0.000000,0.000000,0.000000,0.000000,0.000000
5,0.050000,50,0.000000,0.000000,0.000000,0.000000,0.000000,0.000000,0.000000,0.000000,0.000000
5,0.050000,51,0.000000,0.000000,0.000000,0.000000,0.000000,0.000000,0.000000,0.000000,0.000000
5,0.050000,52,0.000000,0.000000,0.000000,0.000000,0.000000,0.000000,0.000000,0.000000,0.000000
5,0.050000,53,0.000000,0.000000,0.000000,0.000000,0.000000,0.000000,0.000000,0.000000,0.000000
5,0.050000,54,0.000000,0.000000,0.000000,0.000000,0.000000,0.000000,0.000000,0.000000,0.000000
5,0.050000,55,0.000000,0.000000,0.000000,0.000000,0.000000,0.000000,0.000000,0.000000,0.000000
5,0.050000,56,0.000000,0.000000,0.000000,0.000000,0.000000,0.000000,0.000000,0.000000,0.000000
5,0.050000,57,0.000000,0.000000,0.000000,0.000000,0.000000,0.000000,0.000000,0.000000,0.000000
5,0.050000,58,0.000000,0.000000,0.000000,0.000000,0.000000,0.000000,0.000000,0.000000,0.000000
5,0.050000,59,0.000000,0.000000,0.000000,0.000000,0.000000,0.000000,0.000000,0.000000,0.000000
6,0.060000,60,0.000000,0.000000,0.000000,0.000000,0.000000,0.000000,0.000000,0.000000,0.000000
6,0.060000,61,0.000000,0.000000,0.000000,0.000000,0.000000,0.000000,0.000000,0.000000,0.000000
6,0.060000,62,0.000000,0.000000,0.000000,0.000000,0.000000,0.000000,0.000000,0.000000,0.000000
6,0.060000,63,0.000000,0.000000,0.000000,0.000000,0.000000,0.000000,0.000000,0.000000,0.000000
6,0.060000,64,0.000000,0.000000,0.000000,0.000000,0.000000,0.000000,0.000000,0.000000,0.000000
6,0.060000,65,0.000000,0.000000,0.000000,0.000000,0.000000,0.000000,0.000000,0.000000,0.000000
6,0.060000,66,0.000000,0.000000,0.000000,0.000000,0.000000,0.000000,0.000000,0.000000,0.000000
6,0.060000,67,0.000000,0.000000,0.000000,0.000000,0.000000,0.000000,0.000000,0.000000,0.000000
6,0.060000,68,0.000000,0.000000,0.000000,0.000000,0.000000,0.000000,0.000000,0.000000,0.000000
6,0.060000,69,0.000000,0.000000,0.000000,0.000000,0.000000,0.000000,0.000000,0.000000,0.000000
7,0.070000,70,0.000000,0.000000,0.000000,0.000000,0.000000,0.000000,0.000000,0.000000,0.000000
7,0.070000,71,0.000000,0.000000,0.000000,0.000000,0.000000,0.000000,0.000000,0.000000,0.000000
7,0.070000,72,0.000000,0.000000,0.000000,0.000000,0.000000,0.000000,0.000000,0.000000,0.000000
7,0.070000,73,0.000000,0.000000,0.000000,0.000000,0.000000,0.000000,0.000000,0.000000,0.000000
7,0.070000,74,0.000000,0.000000,0.000000,0.000000,0.000000,0.000000,0.000000,0.000000,0.000000
7,0.070000,75,0.000000,0.000000,0.000000,0.000000,0.000000,0.000000,0.000000,0.000000,0.000000
7,0.070000,76,0.000000,0.000000,0.000000,0.000000,0.000000,0.000000,0.000000,0.000000,0.000000
7,0.070000,77,0.000000,0.000000,0.000000,0.000000,0.000000,0.000000,0.000000,0.000000,0.000000
7,0.070000,78,0.000000,0.000000,0.000000,0.000000,0.000000,0.000000,0.000000,0.000000,0.000000
7,0.070000,79,0.000000,0.000000,0.000000,0.000000,0.000000,0.000000,0.000000,0.000000,0.000000
8,0.080000,80,0.000000,0.000000,0.000000,0.000000,0.000000,0.000000,0.000000,0.000000,0.000000
8,0.080000,81,0.000000,0.000000,0.000000,0.000000,0.000000,0.000000,0.000000,0.000000,0.000000
8,0.080000,82,0.000000,0.000000,0.000000,0.000000,0.000000,0.000000,0.000000,0.000000,0.000000
8,0.080000,83,0.000000,0.000000,0.000000,0.000000,0.000000,0.000000,0.000000,0.000000,0.000000
8,0.080000,84,0.000000,0.000000,0.000000,0.000000,0.000000,0.000000,0.000000,0.000000,0.000000
8,0.080000,85,0.000000,0.000000,0.000000,0.000000,0.000000,0.000000,0.000000,0.000000,0.000000
8,0.080000,86,0.000000,0.000000,0.000000,0.000000,0.000000,0.000000,0.000000,0.000000,0.000000
8,0.080000,87,0.000000,0.000000,0.000000,0.000000,0.000000,0.000000,0.000000,0.000000,0.000000
8,0.080000,88,0.000000,0.000000,0.000000,0.000000,0.000000,0.000000,0.000000,0.000000,0.000000
8,0.080000,89,0.000000,0.000000,0.000000,0.000000,0.000000,0.000000,0.000000,0.000000,0.000000
9,0.090000,90,0.000000,0.000000,0.000000,0.000000,0.000000,0.000000,0.000000,0.000000,0.000000
9,0.090000,91,0.000000,0.000000,0.000000,0.000000,0.000000,0.000000,0.000000,0.000000,0.000000
9,0.090000,92,0.000000,0.000000,0.000000,0.000000,0.000000,0.000000,0.000000,0.000000,0.000000
9,0.090000,93,0.000000,0.000000,0.000000,0.000000,0.000000,0.000000,0.000000,0.000000,0.000000
9,0.090000,94,0.000000,0.000000,0.000000,0.000000,0.000000,0.000000,0.000000,0.000000,0.000000
9,0.090000,95,0.000000,0.000000,0.000000,0.000000,0.000000,0.000000,0.000000,0.000000,0.000000
9,0.090000,96,0.000000,0.000000,0.000000,0.000000,0.000000,0.000000,0.000000,0.000000,0.000000
9,0.090000,97,0.000000,0.000000,0.000000,0.000000,0.000000,0.000000,0.000000,0.000000,0.000000
9,0.090000,98,0.000000,0.000000,0.000000,0.000000,0.000000,0.000000,0.000000,0.000000,0.000000
9,0.090000,99,0.000000,0.000000,0.000000,0.000000,0.000000,0.000000,0.000000,0.000000,0.000000
10,0.100000,100,0.423540,0.022163,0.174595,0.067451,0.023955,0.047900,-0.137203,0.386329,0.000000
10,0.100000,101,0.209887,0.039053,-0.212009,-0.002269,0.063065,0.013790,0.297463,0.010704,0.000000
10,0.100000,102,-0.221041,0.065414,0.145481,0.068090,-0.006675,0.017090,0.045884,0.468033,0.000000
10,0.100000,103,-0.242901,-0.163435,0.179329,-0.065759,0.091025,-0.026790,-0.507589,-0.366693,0.000000
10,0.100000,104,-0.240151,-0.161225,0.541588,0.005371,0.041675,-0.023970,-0.076949,0.009917,0.000000
10,0.100000,105,-0.218131,0.068184,-0.229588,-0.000889,-0.055315,0.020760,-0.240934,0.003873,0.000000
10,0.100000,106,0.196637,0.019664,0.212368,0.063931,0.013305,-0.068830,-0.062652,0.301039,0.000000
10,0.100000,107,0.192317,-0.187966,0.183475,0.076231,0.012955,-0.026970,-0.070610,0.415481,0.000000
10,0.100000,108,0.426450,0.024933,-0.200474,-0.001529,-0.024685,0.051570,-0.123135,0.007628,0.000000
10,0.100000,109,-0.001013,0.058153,-0.236347,-0.000859,0.052825,-0.017500,0.223508,0.003634,0.000000
11,0.110000,110,-0.216921,0.070774,0.133293,-0.070979,-0.006206,0.023280,0.046556,-0.532504,0.000000
11,0.110000,111,-0.240151,-0.161225,0.541588,0.005371,0.041675,-0.023970,-0.076949,0.009917,0.000000
11,0.110000,112,-0.244111,-0.166025,-0.183552,0.004331,0.041915,-0.029310,0.228357,-0.023596,0.000000
11,0.110000,113,-0.245681,-0.371445,0.149815,0.087760,-0.007785,0.015370,0.051966,0.585794,0.000000
11,0.110000,114,0.212637,0.041263,0.150249,0.068861,0.013715,0.016610,-0.091283,0.458308,0.000000
11,0.110000,115,0.420790,0.019953,-0.187672,-0.003680,0.073305,0.045080,0.390601,0.019607,0.000000
11,0.110000,116,0.423540,0.022163,0.174595,0.067451,0.023955,0.047900,-0.137203,0.386329,0.000000
11,0.110000,117,0.218137,0.045913,0.130280,0.070590,0.112545,0.024000,-0.863873,0.541839,0.000000
11,0.110000,118,-0.015673,-0.166096,-0.215931,0.008661,-0.045926,-0.054590,-0.212687,-0.040109,0.000000
11,0.110000,119,-0.433480,0.084894,0.121758,-0.071719,0.081545,-0.014500,-0.669732,-0.589033,0.000000
12,0.120000,120,-0.245681,-0.371445,0.149815,0.087760,-0.007785,0.015370,0.051966,0.585794,0.000000
12,0.120000,121,-0.005333,-0.149477,-0.265247,0.011441,0.052475,0.024359,0.197836,-0.043132,0.000000
12,0.120000,122,0.219867,0.251663,-0.195927,-0.012419,-0.034575,-0.021580,-0.176469,0.063387,0.000000
12,0.120000,123,0.649232,0.019886,-0.220043,0.000651,-0.014535,0.019800,-0.066057,-0.002958,0.000000
12,0.120000,124,0.653522,0.021946,-0.602894,0.072471,0.035184,0.024670,0.058359,-0.120205,0.000000
12,0.120000,125,0.215547,0.044033,-0.224819,-0.000119,-0.034925,0.020280,-0.155347,0.000528,0.000000
12,0.120000,126,-0.240151,-0.161225,0.541588,0.005371,0.041675,-0.023970,-0.076949,0.009917,0.000000
12,0.120000,127,-0.244111,-0.166025,-0.183552,0.004331,0.041915,-0.029310,0.228357,-0.023596,0.000000
12,0.120000,128,-0.268751,-0.602886,-0.179218,0.024001,0.040805,-0.031030,0.227685,-0.133918,0.000000
12,0.120000,129,0.195227,-0.185196,-0.191593,0.007251,-0.035685,-0.023300,-0.186254,-0.037847,0.000000
13,0.130000,130,0.215547,0.044033,-0.224819,-0.000119,-0.034925,0.020280,-0.155347,0.000528,0.000000
13,0.130000,131,0.437119,0.036396,-0.607267,0.072152,-0.073885,-0.014010,-0.121668,-0.118814,0.000000
13,0.130000,132,0.216957,0.248893,0.179142,0.056560,0.014065,-0.025250,-0.078515,0.315727,0.000000
13,0.130000,133,-0.026342,-0.177555,0.190857,-0.065019,0.003275,0.010990,-0.017159,-0.340667,0.000000
13,0.130000,134,-0.029252,-0.180325,0.565926,0.003961,0.051915,0.007320,-0.091735,0.006998,0.000000
13,0.130000,135,-0.221041,0.065414,0.145481,0.068090,-0.006675,0.017090,0.045884,0.468033,0.000000
13,0.130000,136,-0.247221,-0.371065,0.150429,-0.053459,0.090675,0.015070,-0.602779,-0.355379,0.000000
13,0.130000,137,-0.029252,-0.180325,0.565926,0.003961,0.051915,0.007320,-0.091735,0.006998,0.000000
13,0.130000,138,0.192477,-0.187406,-0.553860,-0.063879,0.013665,-0.026120,0.024672,0.115333,0.000000
13,0.130000,139,0.426450,0.024933,-0.200474,-0.001529,-0.024685,0.051570,-0.123135,0.007628,0.000000
14,0.140000,140,0.427860,0.229793,0.203480,0.055151,0.024305,0.006040,-0.119446,0.271037,0.000000
14,0.140000,141,0.212637,0.041263,0.150249,0.068861,0.013715,0.016610,-0.091283,0.458308,0.000000
14,0.140000,142,-0.245681,-0.371445,0.149815,0.087760,-0.007785,0.015370,0.051966,0.585794,0.000000
14,0.140000,143,-0.677793,-0.141874,-0.188328,0.003561,0.021525,-0.028830,0.114295,-0.018906,0.000000
14,0.140000,144,-0.242771,-0.368675,-0.225254,0.018781,-0.056426,0.019040,-0.250497,-0.083378,0.000000
14,0.140000,145,0.196797,0.020224,-0.524960,-0.076179,0.014015,-0.067980,0.026697,0.145114,0.000000
14,0.140000,146,-0.015673,-0.166096,-0.215931,0.008661,-0.045926,-0.054590,-0.212687,-0.040109,0.000000
14,0.140000,147,0.190907,-0.392826,-0.220486,0.019551,-0.036035,0.018560,-0.163435,-0.088672,0.000000
14,0.140000,148,0.215547,0.044033,-0.224819,-0.000119,-0.034925,0.020280,-0.155347,0.000528,0.000000
14,0.140000,149,-0.218131,0.068184,-0.229588,-0.000889,-0.055315,0.020760,-0.240934,0.003873,0.000000
15,0.150000,150,-0.435050,-0.120526,0.455132,0.011710,0.031845,0.030179,-0.069969,0.025729,0.000000
15,0.150000,151,-0.465683,-0.158385,0.198891,-0.067939,0.080875,0.004980,-0.406632,-0.341589,0.000000
15,0.150000,152,-0.266001,-0.600676,0.183048,0.095130,-0.008545,-0.028210,0.046684,0.519701,0.000000
15,0.150000,153,-0.241361,-0.163815,0.178707,0.075461,-0.007435,-0.026490,0.041606,0.422260,0.000000
15,0.150000,154,0.215547,0.044033,-0.224819,-0.000119,-0.034925,0.020280,-0.155347,0.000528,0.000000
15,0.150000,155,0.218657,0.249073,-0.558805,0.057671,-0.083685,-0.024100,-0.149757,-0.103204,0.000000
15,0.150000,156,0.426450,0.024933,-0.200474,-0.001529,-0.024685,0.051570,-0.123135,0.007628,0.000000
15,0.150000,157,0.219867,0.251663,-0.195927,-0.012419,-0.034575,-0.021580,-0.176469,0.063387,0.000000
15,0.150000,158,-0.237241,-0.158455,0.166519,-0.063609,-0.006966,-0.020300,0.041831,-0.381993,0.000000
15,0.150000,159,-0.241201,-0.163255,-0.558620,-0.064649,-0.006725,-0.025640,-0.012038,0.115730,0.000000
16,0.160000,160,-0.241361,-0.163815,0.178707,0.075461,-0.007435,-0.026490,0.041606,0.422260,0.000000
16,0.160000,161,-0.241361,-0.163815,0.178707,0.075461,-0.007435,-0.026490,0.041606,0.422260,0.000000
16,0.160000,162,0.187997,-0.395596,0.154583,0.088531,0.012605,0.014890,-0.081543,0.572709,0.000000
16,0.160000,163,0.420790,0.019953,-0.187672,-0.003680,0.073305,0.045080,0.390601,0.019607,0.000000
16,0.160000,164,0.423540,0.022163,0.174595,0.067451,0.023955,0.047900,-0.137203,0.386329,0.000000
16,0.160000,165,0.216957,0.248893,0.179142,0.056560,0.014065,-0.025250,-0.078515,0.315727,0.000000
16,0.160000,166,-0.219831,0.068004,0.508362,-0.002000,0.042435,0.019610,-0.083473,-0.003934,0.000000
16,0.160000,167,-0.237241,-0.158455,0.166519,-0.063609,-0.006966,-0.020300,0.041831,-0.381993,0.000000
16,0.160000,168,-0.241361,-0.163815,0.178707,0.075461,-0.007435,-0.026490,0.041606,0.422260,0.000000
16,0.160000,169,-0.240151,-0.161225,0.541588,0.005371,0.041675,-0.023970,-0.076949,0.009917,0.000000
17,0.170000,170,0.004647,0.063133,-0.249157,0.001291,-0.045166,-0.011010,-0.181273,-0.005181,0.000000
17,0.170000,171,0.215547,0.044033,-0.224819,-0.000119,-0.034925,0.020280,-0.155347,0.000528,0.000000
17,0.170000,172,0.212637,0.041263,0.150249,0.068861,0.013715,0.016610,-0.091283,0.458308,0.000000
17,0.170000,173,0.213847,0.043853,0.513130,-0.001229,0.062825,0.019130,-0.122435,-0.002396,0.000000
17,0.170000,174,-0.240151,-0.161225,0.541588,0.005371,0.041675,-0.023970,-0.076949,0.009917,0.000000
17,0.170000,175,-0.462933,-0.156174,0.561157,0.003191,0.031525,0.007800,-0.056178,0.005686,0.000000
17,0.170000,176,-0.241361,-0.163815,0.178707,0.075461,-0.007435,-0.026490,0.041606,0.422260,0.000000
17,0.170000,177,-0.241361,-0.163815,0.178707,0.075461,-0.007435,-0.026490,0.041606,0.422260,0.000000
17,0.170000,178,0.194017,-0.187786,-0.554472,0.077342,-0.084795,-0.025820,-0.152929,-0.139487,0.000000
17,0.170000,179,0.195227,-0.185196,-0.191593,0.007251,-0.035685,-0.023300,-0.186254,-0.037847,0.000000
18,0.180000,180,0.215547,0.044033,-0.224819,-0.000119,-0.034925,0.020280,-0.155347,0.000528,0.000000
18,0.180000,181,0.001737,0.060363,0.125912,0.070270,0.003475,-0.014680,-0.027596,0.558090,0.000000
18,0.180000,182,-0.221041,0.065414,0.145481,0.068090,-0.006675,0.017090,0.045884,0.468033,0.000000
18,0.180000,183,-0.219831,0.068004,0.508362,-0.002000,0.042435,0.019610,-0.083473,-0.003934,0.000000
18,0.180000,184,-0.455010,-0.146925,-0.207890,0.005741,0.031675,-0.060600,0.152364,-0.027614,0.000000
18,0.180000,185,-0.245521,-0.370885,-0.587521,-0.052349,-0.007075,0.016220,-0.012042,0.089101,0.000000
18,0.180000,186,0.211427,0.038673,-0.212629,0.138951,-0.035395,0.014090,-0.166462,-0.653489,0.000000
18,0.180000,187,0.401810,-0.411926,-0.196140,0.018140,-0.025795,0.049850,-0.131515,-0.092486,0.000000
18,0.180000,188,0.426450,0.024933,-0.200474,-0.001529,-0.024685,0.051570,-0.123135,0.007628,0.000000
18,0.180000,189,0.219867,0.251663,-0.195927,-0.012419,-0.034575,-0.021580,-0.176469,0.063387,0.000000
19,0.190000,190,-0.219831,0.068004,0.508362,-0.002000,0.042435,0.019610,-0.083473,-0.003934,0.000000
19,0.190000,191,-0.238451,-0.161045,-0.196362,0.006481,-0.056076,-0.022820,-0.285573,-0.033004,0.000000
19,0.190000,192,-0.245681,-0.371445,0.149815,0.087760,-0.007785,0.015370,0.051966,0.585794,0.000000
19,0.190000,193,-0.241361,-0.163815,0.178707,0.075461,-0.007435,-0.026490,0.041606,0.422260,0.000000
19,0.190000,194,0.199547,0.022434,-0.162701,-0.005049,-0.035335,-0.065160,-0.217178,0.031034,0.000000
19,0.190000,195,0.434009,-0.168644,-0.273281,0.014361,-0.025125,0.030370,-0.091938,-0.052550,0.000000
19,0.190000,196,0.423540,0.022163,0.174595,0.067451,0.023955,0.047900,-0.137203,0.386329,0.000000
19,0.190000,197,0.205567,-0.168577,-0.240910,0.010030,0.062715,0.055650,0.260326,-0.041635,0.000000
19,0.190000,198,-0.245681,-0.371445,0.149815,0.087760,-0.007785,0.015370,0.051966,0.585794,0.000000
19,0.190000,199,-0.453800,-0.144335,0.154991,-0.064349,0.080785,-0.058080,-0.521222,-0.415180,0.000000
20,0.200000,200,-0.241361,-0.163815,0.178707,0.075461,-0.007435,-0.026490,0.041606,0.422260,0.000000
20,0.200000,201,-0.001013,0.058153,-0.236347,-0.000859,0.052825,-0.017500,0.223508,0.003634,0.000000
20,0.200000,202,0.209887,0.039053,-0.212009,-0.002269,0.063065,0.013790,0.297463,0.010704,0.000000
20,0.200000,203,0.212637,0.041263,0.150249,0.068861,0.013715,0.016610,-0.091283,0.458308,0.000000
20,0.200000,204,0.192317,-0.187966,0.183475,0.076231,0.012955,-0.026970,-0.070610,0.415481,0.000000
20,0.200000,205,0.213847,0.043853,0.513130,-0.001229,0.062825,0.019130,-0.122435,-0.002396,0.000000
20,0.200000,206,-0.219831,0.068004,0.508362,-0.002000,0.042435,0.019610,-0.083473,-0.003934,0.000000
20,0.200000,207,-0.241361,-0.163815,0.178707,0.075461,-0.007435,-0.026490,0.041606,0.422260,0.000000
20,0.200000,208,-0.240151,-0.161225,0.541588,0.005371,0.041675,-0.023970,-0.076949,0.009917,0.000000
20,0.200000,209,0.192317,-0.187966,0.183475,0.076231,0.012955,-0.026970,-0.070610,0.415481,0.000000
21,0.210000,210,0.426450,0.024933,-0.200474,-0.001529,-0.024685,0.051570,-0.123135,0.007628,0.000000
21,0.210000,211,0.195227,-0.185196,-0.191593,0.007251,-0.035685,-0.023300,-0.186254,-0.037847,0.000000
21,0.210000,212,0.212797,0.041823,-0.587078,-0.071249,0.014425,0.017460,0.024570,0.121363,0.000000
21,0.210000,213,-0.007232,0.049084,-0.205250,-0.002299,-0.045075,0.052050,-0.219610,0.011200,0.000000
21,0.210000,214,-0.240151,-0.161225,0.541588,0.005371,0.041675,-0.023970,-0.076949,0.009917,0.000000
21,0.210000,215,-0.242901,-0.163435,0.179329,-0.065759,0.091025,-0.026790,-0.507589,-0.366693,0.000000
21,0.210000,216,-0.242771,-0.368675,-0.225254,0.018781,-0.056426,0.019040,-0.250497,-0.083378,0.000000
21,0.210000,217,-0.017373,-0.166276,0.522018,0.007551,0.051825,-0.055740,-0.099277,0.014465,0.000000
21,0.210000,218,0.442649,0.246616,-0.215504,-0.010239,-0.024425,-0.053350,-0.113339,0.047513,0.000000
21,0.210000,219,0.203671,0.029983,-0.180904,-0.003709,-0.034835,0.083340,-0.192562,0.020504,0.000000
22,0.220000,220,0.213847,0.043853,0.513130,-0.001229,0.062825,0.019130,-0.122435,-0.002396,0.000000
22,0.220000,221,0.212637,0.041263,0.150249,0.068861,0.013715,0.016610,-0.091283,0.458308,0.000000
22,0.220000,222,0.212637,0.041263,0.150249,0.068861,0.013715,0.016610,-0.091283,0.458308,0.000000
22,0.220000,223,-0.221041,0.065414,0.145481,0.068090,-0.006675,0.017090,0.045884,0.468033,0.000000
22,0.220000,224,-0.240151,-0.161225,0.541588,0.005371,0.041675,-0.023970,-0.076949,0.009917,0.000000
22,0.220000,225,0.008967,0.270763,-0.220264,-0.011010,-0.044816,-0.052870,-0.203462,0.049984,0.000000
22,0.220000,226,0.649232,0.019886,-0.220043,0.000651,-0.014535,0.019800,-0.066057,-0.002958,0.000000
22,0.220000,227,0.192317,-0.187966,0.183475,0.076231,0.012955,-0.026970,-0.070610,0.415481,0.000000
22,0.220000,228,0.426450,0.024933,-0.200474,-0.001529,-0.024685,0.051570,-0.123135,0.007628,0.000000
22,0.220000,229,-0.219831,0.068004,0.508362,-0.002000,0.042435,0.019610,-0.083473,-0.003934,0.000000
23,0.230000,230,-0.017373,-0.166276,0.522018,0.007551,0.051825,-0.055740,-0.099277,0.014465,0.000000
23,0.230000,231,-0.465683,-0.158385,0.198891,-0.067939,0.080875,0.004980,-0.406632,-0.341589,0.000000
23,0.230000,232,-0.027353,-0.378886,0.505936,0.017701,0.149465,-0.020370,-0.295422,0.034987,0.000000
23,0.230000,233,-0.014263,0.038764,0.188030,0.065341,0.003065,-0.100120,-0.016299,0.347500,0.000000
23,0.230000,234,0.213847,0.043853,0.513130,-0.001229,0.062825,0.019130,-0.122435,-0.002396,0.000000
23,0.230000,235,0.219867,0.251663,-0.195927,-0.012419,-0.034575,-0.021580,-0.176469,0.063387,0.000000
23,0.230000,236,0.426450,0.024933,-0.200474,-0.001529,-0.024685,0.051570,-0.123135,0.007628,0.000000
23,0.230000,237,-0.219831,0.068004,0.508362,-0.002000,0.042435,0.019610,-0.083473,-0.003934,0.000000
23,0.230000,238,-0.241201,-0.163255,-0.558620,-0.064649,-0.006725,-0.025640,-0.012038,0.115730,0.000000
23,0.230000,239,-0.244471,-0.368855,0.512695,0.017671,0.041325,0.017890,-0.080603,0.034466,0.000000
24,0.240000,240,-0.240151,-0.161225,0.541588,0.005371,0.041675,-0.023970,-0.076949,0.009917,0.000000
24,0.240000,241,0.192477,-0.187406,-0.553860,-0.063879,0.013665,-0.026120,0.024672,0.115333,0.000000
24,0.240000,242,0.192317,-0.187966,0.183475,0.076231,0.012955,-0.026970,-0.070610,0.415481,0.000000
24,0.240000,243,0.423540,0.022163,0.174595,0.067451,0.023955,0.047900,-0.137203,0.386329,0.000000
24,0.240000,244,0.213847,0.043853,0.513130,-0.001229,0.062825,0.019130,-0.122435,-0.002396,0.000000
24,0.240000,245,-0.030462,-0.182915,0.203045,0.074050,0.002805,0.004800,-0.013816,0.364700,0.000000
24,0.240000,246,-0.017373,-0.166276,0.522018,0.007551,0.051825,-0.055740,-0.099277,0.014465,0.000000
24,0.240000,247,-0.242901,-0.163435,0.179329,-0.065759,0.091025,-0.026790,-0.507589,-0.366693,0.000000
24,0.240000,248,-0.457920,-0.149695,0.167179,0.074721,0.080314,-0.064270,-0.480408,0.446951,0.000000
24,0.240000,249,-0.221041,0.065414,0.145481,0.068090,-0.006675,0.017090,0.045884,0.468033,0.000000
25,0.250000,250,0.212637,0.041263,0.150249,0.068861,0.013715,0.016610,-0.091283,0.458308,0.000000
25,0.250000,251,0.195227,-0.185196,-0.191593,0.007251,-0.035685,-0.023300,-0.186254,-0.037847,0.000000
25,0.250000,252,0.212637,0.041263,0.150249,0.068861,0.013715,0.016610,-0.091283,0.458308,0.000000
25,0.250000,253,0.193527,-0.185376,0.546356,0.006141,0.062065,-0.024450,-0.113598,0.011239,0.000000
25,0.250000,254,-0.240151,-0.161225,0.541588,0.005371,0.041675,-0.023970,-0.076949,0.009917,0.000000
25,0.250000,255,-0.240151,-0.161225,0.541588,0.005371,0.041675,-0.023970,-0.076949,0.009917,0.000000
25,0.250000,256,-0.229482,-0.149766,0.134800,0.079051,-0.007525,-0.089550,0.055823,0.586429,0.000000
25,0.250000,257,-0.018583,-0.168866,0.159138,0.077641,0.002715,-0.058260,-0.017058,0.487886,0.000000
25,0.250000,258,0.215547,0.044033,-0.224819,-0.000119,-0.034925,0.020280,-0.155347,0.000528,0.000000
25,0.250000,259,0.209887,0.039053,-0.212009,-0.002269,0.063065,0.013790,0.297463,0.010704,0.000000
26,0.260000,260,0.212797,0.041823,-0.587078,-0.071249,0.014425,0.017460,0.024570,0.121363,0.000000
26,0.260000,261,-0.222451,-0.139446,-0.258480,0.011411,-0.055665,0.062619,-0.215357,-0.044147,0.000000
26,0.260000,262,-0.237241,-0.158455,0.166519,-0.063609,-0.006966,-0.020300,0.041831,-0.381993,0.000000
26,0.260000,263,-0.451050,-0.142125,0.517250,0.006781,0.031435,-0.055260,-0.060773,0.013109,0.000000
26,0.260000,264,-0.018583,-0.168866,0.159138,0.077641,0.002715,-0.058260,-0.017058,0.487886,0.000000
26,0.260000,265,-0.193491,0.505045,-0.233936,-0.020560,-0.054205,0.022480,-0.231710,0.087886,0.000000
26,0.260000,266,0.219867,0.251663,-0.195927,-0.012419,-0.034575,-0.021580,-0.176469,0.063387,0.000000
26,0.260000,267,0.442649,0.246616,-0.215504,-0.010239,-0.024425,-0.053350,-0.113339,0.047513,0.000000
26,0.260000,268,0.219867,0.251663,-0.195927,-0.012419,-0.034575,-0.021580,-0.176469,0.063387,0.000000
26,0.260000,269,0.001897,0.060923,-0.611416,-0.069839,0.004185,-0.013830,0.006845,0.114225,0.000000
27,0.270000,270,-0.244111,-0.166025,-0.183552,0.004331,0.041915,-0.029310,0.228357,-0.023596,0.000000
27,0.270000,271,-0.218131,0.068184,-0.229588,-0.000889,-0.055315,0.020760,-0.240934,0.003873,0.000000
27,0.270000,272,-0.002423,-0.146707,-0.640316,-0.057539,0.003835,0.028029,0.005990,0.089861,0.000000
27,0.270000,273,0.003307,0.265783,-0.207462,-0.013159,0.053175,-0.059360,0.256314,0.063430,0.000000
27,0.270000,274,0.196637,0.019664,0.212368,0.063931,0.013305,-0.068830,-0.062652,0.301039,0.000000
27,0.270000,275,0.216957,0.248893,0.179142,0.056560,0.014065,-0.025250,-0.078515,0.315727,0.000000
27,0.270000,276,-0.010142,0.046314,0.169819,0.066680,0.003565,0.048380,-0.020995,0.392656,0.000000
27,0.270000,277,-0.001013,0.058153,-0.236347,-0.000859,0.052825,-0.017500,0.223508,0.003634,0.000000
27,0.270000,278,-0.033572,-0.387955,0.537033,0.016261,0.051565,0.049180,-0.096019,0.030280,0.000000
27,0.270000,279,-0.242901,-0.163435,0.179329,-0.065759,0.091025,-0.026790,-0.507589,-0.366693,0.000000
28,0.280000,280,-0.238451,-0.161045,-0.196362,0.006481,-0.056076,-0.022820,-0.285573,-0.033004,0.000000
28,0.280000,281,0.003437,0.060543,-0.612036,0.071381,-0.094275,-0.013530,-0.154036,-0.116629,0.000000
28,0.280000,282,0.219867,0.251663,-0.195927,-0.012419,-0.034575,-0.021580,-0.176469,0.063387,0.000000
28,0.280000,283,0.219867,0.251663,-0.195927,-0.012419,-0.034575,-0.021580,-0.176469,0.063387,0.000000
28,0.280000,284,0.212637,0.041263,0.150249,0.068861,0.013715,0.016610,-0.091283,0.458308,0.000000
28,0.280000,285,0.209887,0.039053,-0.212009,-0.002269,0.063065,0.013790,0.297463,0.010704,0.000000
28,0.280000,286,-0.456580,-0.352345,0.125477,0.089171,-0.018025,-0.015920,0.143651,0.710657,0.000000
28,0.280000,287,-0.245681,-0.371445,0.149815,0.087760,-0.007785,0.015370,0.051966,0.585794,0.000000
28,0.280000,288,-0.241361,-0.163815,0.178707,0.075461,-0.007435,-0.026490,0.041606,0.422260,0.000000
28,0.280000,289,-0.018583,-0.168866,0.159138,0.077641,0.002715,-0.058260,-0.017058,0.487886,0.000000
29,0.290000,290,0.212637,0.041263,0.150249,0.068861,0.013715,0.016610,-0.091283,0.458308,0.000000
29,0.290000,291,0.429070,0.232383,0.566360,-0.014939,0.073415,0.008560,-0.129626,-0.026378,0.000000
29,0.290000,292,0.212637,0.041263,0.150249,0.068861,0.013715,0.016610,-0.091283,0.458308,0.000000
29,0.290000,293,-0.008932,0.048904,0.532700,-0.003409,0.052675,0.050900,-0.098884,-0.006400,0.000000
29,0.290000,294,-0.240151,-0.161225,0.541588,0.005371,0.041675,-0.023970,-0.076949,0.009917,0.000000
29,0.290000,295,-0.237241,-0.158455,0.166519,-0.063609,-0.006966,-0.020300,0.041831,-0.381993,0.000000
29,0.290000,296,-0.241361,-0.163815,0.178707,0.075461,-0.007435,-0.026490,0.041606,0.422260,0.000000
29,0.290000,297,0.212637,0.041263,0.150249,0.068861,0.013715,0.016610,-0.091283,0.458308,0.000000
29,0.290000,298,0.219867,0.251663,-0.195927,-0.012419,-0.034575,-0.021580,-0.176469,0.063387,0.000000
29,0.290000,299,0.196637,0.019664,0.212368,0.063931,0.013305,-0.068830,-0.062652,0.301039,0.000000
30,0.300000,300,0.216757,0.046623,0.138062,-0.070209,0.014185,0.022800,-0.102744,-0.508531,0.000000
30,0.300000,301,-0.242901,-0.163435,0.179329,-0.065759,0.091025,-0.026790,-0.507589,-0.366693,0.000000
30,0.300000,302,-0.241561,-0.366085,0.137627,-0.051309,-0.007316,0.021560,0.053156,-0.372810,0.000000
30,0.300000,303,-0.026342,-0.177555,0.190857,-0.065019,0.003275,0.010990,-0.017159,-0.340667,0.000000
30,0.300000,304,-0.017213,-0.165716,-0.215317,-0.132559,0.052535,-0.054890,0.243990,0.615646,0.000000
30,0.300000,305,0.216757,0.046623,0.138062,-0.070209,0.014185,0.022800,-0.102744,-0.508531,0.000000
30,0.300000,306,0.212637,0.041263,0.150249,0.068861,0.013715,0.016610,-0.091283,0.458308,0.000000
30,0.300000,307,0.209887,0.039053,-0.212009,-0.002269,0.063065,0.013790,0.297463,0.010704,0.000000
30,0.300000,308,0.216757,0.046623,0.138062,-0.070209,0.014185,0.022800,-0.102744,-0.508531,0.000000
30,0.300000,309,-0.001013,0.058153,-0.236347,-0.000859,0.052825,-0.017500,0.223508,0.003634,0.000000
31,0.310000,310,-0.018783,-0.371136,0.118057,-0.049129,0.002834,-0.010210,-0.024008,-0.416142,0.000000
31,0.310000,311,-0.017373,-0.166276,0.522018,0.007551,0.051825,-0.055740,-0.099277,0.014465,0.000000
31,0.310000,312,-0.261681,-0.393046,0.211941,0.082831,-0.008195,-0.070070,0.038668,0.390821,0.000000
31,0.310000,313,0.213847,0.043853,0.513130,-0.001229,0.062825,0.019130,-0.122435,-0.002396,0.000000
31,0.310000,314,0.212637,0.041263,0.150249,0.068861,0.013715,0.016610,-0.091283,0.458308,0.000000
31,0.310000,315,0.212797,0.041823,-0.587078,-0.071249,0.014425,0.017460,0.024570,0.121363,0.000000
31,0.310000,316,0.429070,0.232383,0.566360,-0.014939,0.073415,0.008560,-0.129626,-0.026378,0.000000
31,0.310000,317,-0.001013,0.058153,-0.236347,-0.000859,0.052825,-0.017500,0.223508,0.003634,0.000000
31,0.310000,318,-0.458120,-0.351965,0.126091,-0.052049,0.080435,-0.016220,-0.637911,-0.412787,0.000000
31,0.310000,319,-0.240151,-0.161225,0.541588,0.005371,0.041675,-0.023970,-0.076949,0.009917,0.000000
32,0.320000,320,-0.244471,-0.368855,0.512695,0.017671,0.041325,0.017890,-0.080603,0.034466,0.000000
32,0.320000,321,0.215547,0.044033,-0.224819,-0.000119,-0.034925,0.020280,-0.155347,0.000528,0.000000
32,0.320000,322,0.212637,0.041263,0.150249,0.068861,0.013715,0.016610,-0.091283,0.458308,0.000000
32,0.320000,323,0.426450,0.024933,-0.200474,-0.001529,-0.024685,0.051570,-0.123135,0.007628,0.000000
32,0.320000,324,0.196637,0.019664,0.212368,0.063931,0.013305,-0.068830,-0.062652,0.301039,0.000000
32,0.320000,325,-0.017373,-0.166276,0.522018,0.007551,0.051825,-0.055740,-0.099277,0.014465,0.000000
32,0.320000,326,-0.653153,0.294985,-0.192661,-0.016109,0.022635,-0.027110,0.117486,0.083613,0.000000
32,0.320000,327,-0.024932,0.027305,0.594810,-0.008339,0.052265,-0.034540,-0.087869,-0.014019,0.000000
32,0.320000,328,-0.237041,0.043815,0.207592,0.063160,-0.007085,-0.068350,0.034131,0.304253,0.000000
32,0.320000,329,-0.017373,-0.166276,0.522018,0.007551,0.051825,-0.055740,-0.099277,0.014465,0.000000
33,0.330000,330,0.216957,0.248893,0.179142,0.056560,0.014065,-0.025250,-0.078515,0.315727,0.000000
33,0.330000,331,-0.007232,0.049084,-0.205250,-0.002299,-0.045075,0.052050,-0.219610,0.011200,0.000000
33,0.330000,332,0.216957,0.248893,0.179142,0.056560,0.014065,-0.025250,-0.078515,0.315727,0.000000
33,0.330000,333,0.001737,0.060363,0.125912,0.070270,0.003475,-0.014680,-0.027596,0.558090,0.000000
33,0.330000,334,-0.455010,-0.146925,-0.207890,0.005741,0.031675,-0.060600,0.152364,-0.027614,0.000000
33,0.330000,335,-0.244311,-0.368295,-0.224640,-0.122438,0.042035,0.018740,0.187122,0.545043,0.000000
33,0.330000,336,-0.008772,0.049464,-0.204636,-0.143519,0.053385,0.051750,0.260877,0.701341,0.000000
33,0.330000,337,-0.034622,-0.389986,-0.563183,-0.053759,0.003165,0.047510,0.005619,0.095456,0.000000
33,0.330000,338,0.438329,0.038986,-0.244389,0.002061,-0.024775,-0.011490,-0.101376,-0.008435,0.000000
33,0.330000,339,0.646322,0.017116,0.155025,0.069631,0.034105,0.016130,-0.219995,0.449159,0.000000
34,0.340000,340,0.195227,-0.185196,-0.191593,0.007251,-0.035685,-0.023300,-0.186254,-0.037847,0.000000
34,0.340000,341,-0.238581,0.044195,0.208214,-0.078059,0.091375,-0.068650,-0.438853,-0.374899,0.000000
34,0.340000,342,-0.244471,-0.368855,0.512695,0.017671,0.041325,0.017890,-0.080603,0.034466,0.000000
34,0.340000,343,-0.429030,0.087284,-0.253925,0.000520,-0.065555,-0.010530,-0.258167,-0.002049,0.000000
34,0.340000,344,-0.241361,-0.163815,0.178707,0.075461,-0.007435,-0.026490,0.041606,0.422260,0.000000
34,0.340000,345,0.403220,-0.207066,0.207821,0.074821,0.023195,0.004320,-0.111610,0.360026,0.000000
34,0.340000,346,0.219867,0.251663,-0.195927,-0.012419,-0.034575,-0.021580,-0.176469,0.063387,0.000000
34,0.340000,347,0.435579,0.036776,-0.606655,-0.069069,0.024575,-0.014310,0.040509,0.113853,0.000000
34,0.340000,348,0.228637,0.062864,0.088123,0.073791,0.014124,0.102050,-0.160280,0.837361,0.000000
34,0.340000,349,0.002947,0.062953,0.488792,0.000180,0.052585,-0.012160,-0.107581,0.000369,0.000000
35,0.350000,350,-0.240151,-0.161225,0.541588,0.005371,0.041675,-0.023970,-0.076949,0.009917,0.000000
35,0.350000,351,-0.238451,-0.161045,-0.196362,0.006481,-0.056076,-0.022820,-0.285573,-0.033004,0.000000
35,0.350000,352,-0.018583,-0.168866,0.159138,0.077641,0.002715,-0.058260,-0.017058,0.487886,0.000000
35,0.350000,353,0.212637,0.041263,0.150249,0.068861,0.013715,0.016610,-0.091283,0.458308,0.000000
35,0.350000,354,0.423540,0.022163,0.174595,0.067451,0.023955,0.047900,-0.137203,0.386329,0.000000
35,0.350000,355,0.215547,0.044033,-0.224819,-0.000119,-0.034925,0.020280,-0.155347,0.000528,0.000000
35,0.350000,356,-0.218131,0.068184,-0.229588,-0.000889,-0.055315,0.020760,-0.240934,0.003873,0.000000
35,0.350000,357,-0.218131,0.068184,-0.229588,-0.000889,-0.055315,0.020760,-0.240934,0.003873,0.000000
35,0.350000,358,-0.222581,0.065794,0.146095,-0.073129,0.091785,0.016790,-0.628257,-0.500555,0.000000
35,0.350000,359,-0.224151,-0.139626,0.479469,0.010301,0.042085,0.061469,-0.087773,0.021483,0.000000
36,0.360000,360,-0.225361,-0.142216,0.116589,0.080390,-0.007025,0.058949,0.060257,0.689522,0.000000
36,0.360000,361,-0.030462,-0.182915,0.203045,0.074050,0.002805,0.004800,-0.013816,0.364700,0.000000
36,0.360000,362,0.195227,-0.185196,-0.191593,0.007251,-0.035685,-0.023300,-0.186254,-0.037847,0.000000
36,0.360000,363,0.427860,0.229793,0.203480,0.055151,0.024305,0.006040,-0.119446,0.271037,0.000000
36,0.360000,364,0.215547,0.044033,-0.224819,-0.000119,-0.034925,0.020280,-0.155347,0.000528,0.000000
36,0.360000,365,-0.228111,-0.144426,-0.245670,0.009261,0.042325,0.056129,0.172286,-0.037695,0.000000
36,0.360000,366,-0.239791,0.041605,-0.154667,-0.007969,0.042265,-0.071170,0.273267,0.051526,0.000000
36,0.360000,367,-0.247221,-0.371065,0.150429,-0.053459,0.090675,0.015070,-0.602779,-0.355379,0.000000
36,0.360000,368,0.001737,0.060363,0.125912,0.070270,0.003475,-0.014680,-0.027596,0.558090,0.000000
36,0.360000,369,-0.021493,-0.171636,0.534206,0.146621,0.051355,-0.061930,-0.096133,0.274466,0.000000
37,0.370000,370,0.215547,0.044033,-0.224819,-0.000119,-0.034925,0.020280,-0.155347,0.000528,0.000000
37,0.370000,371,0.195227,-0.185196,-0.191593,0.007251,-0.035685,-0.023300,-0.186254,-0.037847,0.000000
37,0.370000,372,0.212637,0.041263,0.150249,0.068861,0.013715,0.016610,-0.091283,0.458308,0.000000
37,0.370000,373,-0.219831,0.068004,0.508362,-0.002000,0.042435,0.019610,-0.083473,-0.003934,0.000000
37,0.370000,374,-0.241361,-0.163815,0.178707,0.075461,-0.007435,-0.026490,0.041606,0.422260,0.000000
37,0.370000,375,-0.241201,-0.163255,-0.558620,-0.064649,-0.006725,-0.025640,-0.012038,0.115730,0.000000
37,0.370000,376,-0.240151,-0.161225,0.541588,0.005371,0.041675,-0.023970,-0.076949,0.009917,0.000000
37,0.370000,377,0.004647,0.063133,-0.249157,0.001291,-0.045166,-0.011010,-0.181273,-0.005181,0.000000
37,0.370000,378,0.212637,0.041263,0.150249,0.068861,0.013715,0.016610,-0.091283,0.458308,0.000000
37,0.370000,379,0.423540,0.022163,0.174595,0.067451,0.023955,0.047900,-0.137203,0.386329,0.000000
38,0.380000,380,-0.029252,-0.180325,0.565926,0.003961,0.051915,0.007320,-0.091735,0.006998,0.000000
38,0.380000,381,-0.224121,0.065944,0.891211,-0.073820,-0.007285,0.014740,0.008174,-0.082831,0.000000
38,0.380000,382,-0.673833,-0.137074,0.536819,0.004601,0.021285,-0.023490,-0.039650,0.008572,0.000000
38,0.380000,383,-0.216721,0.273044,0.174366,0.055790,-0.006325,-0.024770,0.036276,0.319962,0.000000
38,0.380000,384,-0.216921,0.070774,0.133293,-0.070979,-0.006206,0.023280,0.046556,-0.532504,0.000000
38,0.380000,385,-0.018583,-0.168866,0.159138,0.077641,0.002715,-0.058260,-0.017058,0.487886,0.000000
38,0.380000,386,0.427660,0.027523,0.162407,-0.071619,0.024425,0.054090,-0.150391,-0.440985,0.000000
38,0.380000,387,0.403220,-0.207066,0.207821,0.074821,0.023195,0.004320,-0.111610,0.360026,0.000000
38,0.380000,388,0.221077,0.254253,0.166954,-0.082509,0.014535,-0.019060,-0.087060,-0.494202,0.000000
38,0.380000,389,-0.030462,-0.182915,0.203045,0.074050,0.002805,0.004800,-0.013816,0.364700,0.000000
39,0.390000,390,-0.248431,-0.373655,-0.212452,0.016631,0.041565,0.012550,0.195646,-0.078280,0.000000
39,0.390000,391,-0.427820,0.089874,0.108955,-0.069570,-0.016445,-0.008010,0.150935,-0.638514,0.000000
39,0.390000,392,-0.242901,-0.163435,0.179329,-0.065759,0.091025,-0.026790,-0.507589,-0.366693,0.000000
39,0.390000,393,0.216757,0.046623,0.138062,-0.070209,0.014185,0.022800,-0.102744,-0.508531,0.000000
39,0.390000,394,0.426450,0.024933,-0.200474,-0.001529,-0.024685,0.051570,-0.123135,0.007628,0.000000
39,0.390000,395,0.215547,0.044033,-0.224819,-0.000119,-0.034925,0.020280,-0.155347,0.000528,0.000000
39,0.390000,396,-0.012892,0.044104,-0.192448,-0.004449,0.052915,0.045560,0.274958,0.023120,0.000000
39,0.390000,397,-0.226901,-0.141836,0.117210,-0.060829,0.091435,0.058649,-0.780097,-0.518974,0.000000
39,0.390000,398,-0.453960,-0.144895,0.892319,0.075761,0.080074,-0.058930,-0.089737,0.084903,0.000000
39,0.390000,399,-0.241361,-0.163815,0.178707,0.075461,-0.007435,-0.026490,0.041606,0.422260,0.000000
40,0.400000,400,-0.245491,-0.165315,-0.175774,-0.136469,-0.056445,-0.030510,-0.321124,0.776390,0.000000
40,0.400000,401,0.219867,0.251663,-0.195927,-0.012419,-0.034575,-0.021580,-0.176469,0.063387,0.000000
40,0.400000,402,0.212637,0.041263,0.150249,0.068861,0.013715,0.016610,-0.091283,0.458308,0.000000
40,0.400000,403,-0.030462,-0.182915,0.203045,0.074050,0.002805,0.004800,-0.013816,0.364700,0.000000
40,0.400000,404,0.193887,0.017454,-0.149891,-0.007199,0.062655,-0.071650,0.418004,0.048027,0.000000
40,0.400000,405,-0.245681,-0.371445,0.149815,0.087760,-0.007785,0.015370,0.051966,0.585794,0.000000
40,0.400000,406,-0.237241,-0.158455,0.166519,-0.063609,-0.006966,-0.020300,0.041831,-0.381993,0.000000
40,0.400000,407,-0.241361,-0.163815,0.178707,0.075461,-0.007435,-0.026490,0.041606,0.422260,0.000000
40,0.400000,408,-0.241361,-0.163815,0.178707,0.075461,-0.007435,-0.026490,0.041606,0.422260,0.000000
40,0.400000,409,0.212637,0.041263,0.150249,0.068861,0.013715,0.016610,-0.091283,0.458308,0.000000
41,0.410000,410,0.407510,-0.205006,-0.175030,0.146641,0.072915,0.009190,0.416584,-0.837805,0.000000
41,0.410000,411,0.427660,0.027523,0.162407,-0.071619,0.024425,0.054090,-0.150391,-0.440985,0.000000
41,0.410000,412,-0.007202,0.254654,0.206482,-0.086419,-0.094445,0.005320,0.457402,-0.418531,0.000000
41,0.410000,413,-0.241361,-0.163815,0.178707,0.075461,-0.007435,-0.026490,0.041606,0.422260,0.000000
41,0.410000,414,-0.240151,-0.161225,0.541588,0.005371,0.041675,-0.023970,-0.076949,0.009917,0.000000
41,0.410000,415,-0.021493,-0.171636,0.534206,0.146621,0.051355,-0.061930,-0.096133,0.274466,0.000000
41,0.410000,416,0.001737,0.060363,0.125912,0.070270,0.003475,-0.014680,-0.027596,0.558090,0.000000
41,0.410000,417,-0.007232,0.049084,-0.205250,-0.002299,-0.045075,0.052050,-0.219610,0.011200,0.000000
41,0.410000,418,0.212637,0.041263,0.150249,0.068861,0.013715,0.016610,-0.091283,0.458308,0.000000
41,0.410000,419,0.212797,0.041823,-0.587078,-0.071249,0.014425,0.017460,0.024570,0.121363,0.000000
42,0.420000,420,-0.221041,0.065414,0.145481,0.068090,-0.006675,0.017090,0.045884,0.468033,0.000000
42,0.420000,421,-0.241361,-0.163815,0.178707,0.075461,-0.007435,-0.026490,0.041606,0.422260,0.000000
42,0.420000,422,-0.240151,-0.161225,0.541588,0.005371,0.041675,-0.023970,-0.076949,0.009917,0.000000
42,0.420000,423,-0.456580,-0.352345,0.125477,0.089171,-0.018025,-0.015920,0.143651,0.710657,0.000000
42,0.420000,424,0.217117,0.249453,-0.558193,-0.083549,0.014775,-0.024400,0.026469,0.149678,0.000000
42,0.420000,425,0.215547,0.044033,-0.224819,-0.000119,-0.034925,0.020280,-0.155347,0.000528,0.000000
42,0.420000,426,0.407700,0.001124,-0.500622,-0.077589,0.024254,-0.036690,0.048448,0.154984,0.000000
42,0.420000,427,0.215547,0.044033,-0.224819,-0.000119,-0.034925,0.020280,-0.155347,0.000528,0.000000
42,0.420000,428,-0.237241,-0.158455,0.166519,-0.063609,-0.006966,-0.020300,0.041831,-0.381993,0.000000
42,0.420000,429,-0.222741,0.065234,0.883430,0.066981,0.091075,0.015940,-0.103092,0.075820,0.000000
43,0.430000,430,-0.427620,0.292144,0.150028,0.057201,-0.016565,-0.056060,0.110412,0.381268,0.000000
43,0.430000,431,-0.449350,-0.141945,-0.220699,0.007891,-0.066315,-0.054110,-0.300477,-0.035755,0.000000
43,0.430000,432,-0.001013,0.058153,-0.236347,-0.000859,0.052825,-0.017500,0.223508,0.003634,0.000000
43,0.430000,433,0.192317,-0.187966,0.183475,0.076231,0.012955,-0.026970,-0.070610,0.415481,0.000000
43,0.430000,434,0.209887,0.039053,-0.212009,-0.002269,0.063065,0.013790,0.297463,0.010704,0.000000
43,0.430000,435,0.195227,-0.185196,-0.191593,0.007251,-0.035685,-0.023300,-0.186254,-0.037847,0.000000
43,0.430000,436,0.212637,0.041263,0.150249,0.068861,0.013715,0.016610,-0.091283,0.458308,0.000000
43,0.430000,437,-0.240151,-0.161225,0.541588,0.005371,0.041675,-0.023970,-0.076949,0.009917,0.000000
43,0.430000,438,-0.462933,-0.156174,0.561157,0.003191,0.031525,0.007800,-0.056178,0.005686,0.000000
43,0.430000,439,-0.241361,-0.163815,0.178707,0.075461,-0.007435,-0.026490,0.041606,0.422260,0.000000
44,0.440000,440,0.212637,0.041263,0.150249,0.068861,0.013715,0.016610,-0.091283,0.458308,0.000000
44,0.440000,441,0.212637,0.041263,0.150249,0.068861,0.013715,0.016610,-0.091283,0.458308,0.000000
44,0.440000,442,0.219867,0.251663,-0.195927,-0.012419,-0.034575,-0.021580,-0.176469,0.063387,0.000000
44,0.440000,443,0.215547,0.044033,-0.224819,-0.000119,-0.034925,0.020280,-0.155347,0.000528,0.000000
44,0.440000,444,-0.027552,-0.180145,-0.172024,0.005071,-0.045835,0.008470,-0.266446,-0.029479,0.000000
44,0.440000,445,-0.241361,-0.163815,0.178707,0.075461,-0.007435,-0.026490,0.041606,0.422260,0.000000
44,0.440000,446,-0.244111,-0.166025,-0.183552,0.004331,0.041915,-0.029310,0.228357,-0.023596,0.000000
44,0.440000,447,-0.244111,-0.166025,-0.183552,0.004331,0.041915,-0.029310,0.228357,-0.023596,0.000000
44,0.440000,448,0.006217,0.268553,-0.582531,-0.082139,0.004535,-0.055690,0.007785,0.141003,0.000000
44,0.440000,449,0.217117,0.249453,-0.558193,-0.083549,0.014775,-0.024400,0.026469,0.149678,0.000000
45,0.450000,450,0.215547,0.044033,-0.224819,-0.000119,-0.034925,0.020280,-0.155347,0.000528,0.000000
45,0.450000,451,0.215547,0.044033,-0.224819,-0.000119,-0.034925,0.020280,-0.155347,0.000528,0.000000
45,0.450000,452,-0.018423,-0.168306,-0.578197,-0.062469,0.003425,-0.057410,0.005924,0.108041,0.000000
45,0.450000,453,-0.245681,-0.371445,0.149815,0.087760,-0.007785,0.015370,0.051966,0.585794,0.000000
45,0.450000,454,-0.452260,-0.144715,0.154369,0.076870,-0.017675,-0.057780,0.114498,0.497964,0.000000
45,0.450000,455,-0.244111,-0.166025,-0.183552,0.004331,0.041915,-0.029310,0.228357,-0.023596,0.000000
45,0.450000,456,-0.005822,0.253944,0.198704,0.054380,0.003915,0.006520,-0.019704,0.273673,0.000000
45,0.450000,457,0.199547,0.022434,-0.162701,-0.005049,-0.035335,-0.065160,-0.217178,0.031034,0.000000
45,0.450000,458,0.426450,0.024933,-0.200474,-0.001529,-0.024685,0.051570,-0.123135,0.007628,0.000000
45,0.450000,459,0.423540,0.022163,0.174595,0.067451,0.023955,0.047900,-0.137203,0.386329,0.000000
46,0.460000,460,-0.010142,0.046314,0.169819,0.066680,0.003565,0.048380,-0.020995,0.392656,0.000000
46,0.460000,461,-0.241361,-0.163815,0.178707,0.075461,-0.007435,-0.026490,0.041606,0.422260,0.000000
46,0.460000,462,-0.219831,0.068004,0.508362,-0.002000,0.042435,0.019610,-0.083473,-0.003934,0.000000
46,0.460000,463,-0.240151,-0.161225,0.541588,0.005371,0.041675,-0.023970,-0.076949,0.009917,0.000000
46,0.460000,464,-0.001013,0.058153,-0.236347,-0.000859,0.052825,-0.017500,0.223508,0.003634,0.000000
46,0.460000,465,0.215547,0.044033,-0.224819,-0.000119,-0.034925,0.020280,-0.155347,0.000528,0.000000
46,0.460000,466,0.231747,0.267904,-0.245863,0.131581,-0.034636,0.057670,-0.140873,-0.535180,0.000000
46,0.460000,467,0.216957,0.248893,0.179142,0.056560,0.014065,-0.025250,-0.078515,0.315727,0.000000
46,0.460000,468,-0.245681,-0.371445,0.149815,0.087760,-0.007785,0.015370,0.051966,0.585794,0.000000
46,0.460000,469,-0.248431,-0.373655,-0.212452,0.016631,0.041565,0.012550,0.195646,-0.078280,0.000000
47,0.470000,470,-0.261711,-0.598616,-0.199802,0.166950,0.041174,-0.023340,0.206076,-0.835577,0.000000
47,0.470000,471,-0.263221,-0.392666,0.212563,-0.058389,0.090265,-0.070370,-0.424653,-0.274690,0.000000
47,0.470000,472,0.212637,0.041263,0.150249,0.068861,0.013715,0.016610,-0.091283,0.458308,0.000000
47,0.470000,473,0.426450,0.024933,-0.200474,-0.001529,-0.024685,0.051570,-0.123135,0.007628,0.000000
47,0.470000,474,0.424750,0.024753,0.537476,-0.002639,0.073065,0.050420,-0.135941,-0.004910,0.000000
47,0.470000,475,0.427860,0.229793,0.203480,0.055151,0.024305,0.006040,-0.119446,0.271037,0.000000
47,0.470000,476,-0.014462,-0.161317,0.140926,0.078981,0.003215,0.090239,-0.022816,0.560441,0.000000
47,0.470000,477,-0.462933,-0.156174,0.561157,0.003191,0.031525,0.007800,-0.056178,0.005686,0.000000
47,0.470000,478,-0.244471,-0.368855,0.512695,0.017671,0.041325,0.017890,-0.080603,0.034466,0.000000
47,0.470000,479,-0.221241,-0.136856,0.104401,-0.058679,-0.006556,0.065139,0.062792,-0.562052,0.000000
48,0.480000,480,0.215547,0.044033,-0.224819,-0.000119,-0.034925,0.020280,-0.155347,0.000528,0.000000
48,0.480000,481,0.195227,-0.185196,-0.191593,0.007251,-0.035685,-0.023300,-0.186254,-0.037847,0.000000
48,0.480000,482,0.429560,0.229973,-0.534468,0.056262,-0.073445,0.007190,-0.137418,-0.105266,0.000000
48,0.480000,483,0.426450,0.024933,-0.200474,-0.001529,-0.024685,0.051570,-0.123135,0.007628,0.000000
48,0.480000,484,-0.010142,0.046314,0.169819,0.066680,0.003565,0.048380,-0.020995,0.392656,0.000000
48,0.480000,485,-0.460023,-0.153404,0.186089,-0.065789,-0.017116,0.011470,0.091976,-0.353537,0.000000
48,0.480000,486,-0.426410,0.294734,0.512909,-0.012889,0.032545,-0.053540,-0.063452,-0.025129,0.000000
48,0.480000,487,-0.242901,-0.163435,0.179329,-0.065759,0.091025,-0.026790,-0.507589,-0.366693,0.000000
48,0.480000,488,-0.033212,-0.185125,-0.159214,0.002921,0.052155,0.001980,0.327578,-0.018344,0.000000
48,0.480000,489,0.195227,-0.185196,-0.191593,0.007251,-0.035685,-0.023300,-0.186254,-0.037847,0.000000
49,0.490000,490,0.460059,0.473077,0.126331,0.051370,0.024974,-0.013440,-0.197689,0.406630,0.000000
49,0.490000,491,0.212797,0.041823,-0.587078,-0.071249,0.014425,0.017460,0.024570,0.121363,0.000000
49,0.490000,492,0.001897,0.060923,-0.611416,-0.069839,0.004185,-0.013830,0.006845,0.114225,0.000000
49,0.490000,493,-0.219831,0.068004,0.508362,-0.002000,0.042435,0.019610,-0.083473,-0.003934,0.000000
49,0.490000,494,-0.244471,-0.368855,0.512695,0.017671,0.041325,0.017890,-0.080603,0.034466,0.000000
49,0.490000,495,0.193527,-0.185376,0.546356,0.006141,0.062065,-0.024450,-0.113598,0.011239,0.000000
49,0.490000,496,-0.015673,-0.166096,-0.215931,0.008661,-0.045926,-0.054590,-0.212687,-0.040109,0.000000
49,0.490000,497,0.430770,0.232563,-0.171589,-0.013829,-0.024335,0.009710,-0.141824,0.080592,0.000000
49,0.490000,498,0.666642,0.246347,0.121792,0.062261,0.034865,0.059710,-0.286266,0.511209,0.000000
49,0.490000,499,-0.007232,0.049084,-0.205250,-0.002299,-0.045075,0.052050,-0.219610,0.011200,0.000000
50,0.500000,500,-0.008932,0.048904,0.532700,-0.003409,0.052675,0.050900,-0.098884,-0.006400,0.000000
50,0.500000,501,-0.240151,-0.161225,0.541588,0.005371,0.041675,-0.023970,-0.076949,0.009917,0.000000
50,0.500000,502,-0.260471,-0.390456,0.574821,0.012741,0.040915,-0.067550,-0.071178,0.022165,0.000000
50,0.500000,503,-0.245681,-0.371445,0.149815,0.087760,-0.007785,0.015370,0.051966,0.585794,0.000000
50,0.500000,504,0.192317,-0.187966,0.183475,0.076231,0.012955,-0.026970,-0.070610,0.415481,0.000000
50,0.500000,505,0.212637,0.041263,0.150249,0.068861,0.013715,0.016610,-0.091283,0.458308,0.000000
50,0.500000,506,0.423540,0.022163,0.174595,0.067451,0.023955,0.047900,-0.137203,0.386329,0.000000
50,0.500000,507,0.014498,0.483175,0.165470,0.047010,0.004674,0.050100,-0.028249,0.284099,0.000000
50,0.500000,508,-0.011842,0.046134,0.907768,0.065571,0.101315,0.047230,-0.111608,0.072233,0.000000
50,0.500000,509,-0.228272,-0.147176,0.497681,0.008961,0.041585,-0.087030,-0.083558,0.018005,0.000000
51,0.510000,510,-0.455010,-0.146925,-0.207890,0.005741,0.031675,-0.060600,0.152364,-0.027614,0.000000
51,0.510000,511,-0.017373,-0.166276,0.522018,0.007551,0.051825,-0.055740,-0.099277,0.014465,0.000000
51,0.510000,512,-0.012892,0.044104,-0.192448,-0.004449,0.052915,0.045560,0.274958,0.023120,0.000000
51,0.510000,513,0.423700,0.022723,-0.562740,-0.072659,0.024664,0.048750,0.043829,0.129116,0.000000
51,0.510000,514,0.429560,0.229973,-0.534468,0.056262,-0.073445,0.007190,-0.137418,-0.105266,0.000000
51,0.510000,515,0.196637,0.019664,0.212368,0.063931,0.013305,-0.068830,-0.062652,0.301039,0.000000
51,0.510000,516,-0.008932,0.048904,0.532700,-0.003409,0.052675,0.050900,-0.098884,-0.006400,0.000000
51,0.510000,517,-0.241361,-0.163815,0.178707,0.075461,-0.007435,-0.026490,0.041606,0.422260,0.000000
51,0.510000,518,-0.244471,-0.368855,0.512695,0.017671,0.041325,0.017890,-0.080603,0.034466,0.000000
51,0.510000,519,-0.241201,-0.163255,-0.558620,-0.064649,-0.006725,-0.025640,-0.012038,0.115730,0.000000
52,0.520000,520,-0.015673,-0.166096,-0.215931,0.008661,-0.045926,-0.054590,-0.212687,-0.040109,0.000000
52,0.520000,521,0.215547,0.044033,-0.224819,-0.000119,-0.034925,0.020280,-0.155347,0.000528,0.000000
52,0.520000,522,0.215577,0.249603,0.186920,-0.084239,-0.084295,-0.026450,0.450969,-0.450668,0.000000
52,0.520000,523,0.212637,0.041263,0.150249,0.068861,0.013715,0.016610,-0.091283,0.458308,0.000000
52,0.520000,524,0.212637,0.041263,0.150249,0.068861,0.013715,0.016610,-0.091283,0.458308,0.000000
52,0.520000,525,-0.024443,-0.376116,0.130867,-0.051279,0.100825,-0.016700,-0.770441,-0.391841,0.000000
52,0.520000,526,-0.462933,-0.156174,0.561157,0.003191,0.031525,0.007800,-0.056178,0.005686,0.000000
52,0.520000,527,-0.244111,-0.166025,-0.183552,0.004331,0.041915,-0.029310,0.228357,-0.023596,0.000000
52,0.520000,528,-0.225201,-0.141656,-0.620739,-0.059720,-0.006315,0.059799,-0.010173,0.096207,0.000000
52,0.520000,529,0.438329,0.038986,-0.244389,0.002061,-0.024775,-0.011490,-0.101376,-0.008435,0.000000
53,0.530000,530,0.214337,0.041443,-0.587698,0.069972,-0.084035,0.017760,-0.142990,-0.119060,0.000000
53,0.530000,531,0.212637,0.041263,0.150249,0.068861,0.013715,0.016610,-0.091283,0.458308,0.000000
53,0.530000,532,-0.009982,0.046874,-0.567516,-0.073430,0.004275,0.049230,0.007533,0.129388,0.000000
53,0.530000,533,-0.240151,-0.161225,0.541588,0.005371,0.041675,-0.023970,-0.076949,0.009917,0.000000
53,0.530000,534,-0.240151,-0.161225,0.541588,0.005371,0.041675,-0.023970,-0.076949,0.009917,0.000000
53,0.530000,535,-0.032002,-0.182535,0.203667,-0.067169,0.101265,0.004500,-0.497209,-0.329800,0.000000
53,0.530000,536,0.215547,0.044033,-0.224819,-0.000119,-0.034925,0.020280,-0.155347,0.000528,0.000000
53,0.530000,537,0.219867,0.251663,-0.195927,-0.012419,-0.034575,-0.021580,-0.176469,0.063387,0.000000
53,0.530000,538,0.212797,0.041823,-0.587078,-0.071249,0.014425,0.017460,0.024570,0.121363,0.000000
53,0.530000,539,0.215547,0.044033,-0.224819,-0.000119,-0.034925,0.020280,-0.155347,0.000528,0.000000
54,0.540000,540,-0.030462,-0.182915,0.203045,0.074050,0.002805,0.004800,-0.013816,0.364700,0.000000
54,0.540000,541,-0.221041,0.065414,0.145481,0.068090,-0.006675,0.017090,0.045884,0.468033,0.000000
54,0.540000,542,-0.245681,-0.371445,0.149815,0.087760,-0.007785,0.015370,0.051966,0.585794,0.000000
54,0.540000,543,-0.218131,0.068184,-0.229588,-0.000889,-0.055315,0.020760,-0.240934,0.003873,0.000000
54,0.540000,544,0.217087,0.043883,-0.969929,0.000570,0.064145,0.022330,0.066133,-0.000588,0.000000
54,0.540000,545,0.217117,0.249453,-0.558193,-0.083549,0.014775,-0.024400,0.026469,0.149678,0.000000
54,0.540000,546,0.403220,-0.207066,0.207821,0.074821,0.023195,0.004320,-0.111610,0.360026,0.000000
54,0.540000,547,0.212637,0.041263,0.150249,0.068861,0.013715,0.016610,-0.091283,0.458308,0.000000
54,0.540000,548,-0.010142,0.046314,0.169819,0.066680,0.003565,0.048380,-0.020995,0.392656,0.000000
54,0.540000,549,0.002947,0.062953,0.488792,0.000180,0.052585,-0.012160,-0.107581,0.000369,0.000000
55,0.550000,550,-0.221041,0.065414,0.145481,0.068090,-0.006675,0.017090,0.045884,0.468033,0.000000
55,0.550000,551,-0.025653,-0.378706,-0.232014,0.018811,0.051715,-0.019220,0.222898,-0.081076,0.000000
55,0.550000,552,0.212637,0.041263,0.150249,0.068861,0.013715,0.016610,-0.091283,0.458308,0.000000
55,0.550000,553,0.426450,0.024933,-0.200474,-0.001529,-0.024685,0.051570,-0.123135,0.007628,0.000000
55,0.550000,554,0.208477,-0.165807,-0.615978,-0.058949,0.014075,0.059320,0.022850,0.095700,0.000000
55,0.550000,555,0.215547,0.044033,-0.224819,-0.000119,-0.034925,0.020280,-0.155347,0.000528,0.000000
55,0.550000,556,0.006057,0.267993,0.154804,0.057971,0.003825,-0.056540,-0.024707,0.374476,0.000000
55,0.550000,557,-0.238451,-0.161045,-0.196362,0.006481,-0.056076,-0.022820,-0.285573,-0.033004,0.000000
55,0.550000,558,-0.235831,0.046405,0.570473,-0.006929,0.042025,-0.065830,-0.073666,-0.012147,0.000000
55,0.550000,559,-0.238451,-0.161045,-0.196362,0.006481,-0.056076,-0.022820,-0.285573,-0.033004,0.000000
56,0.560000,560,0.192477,-0.187406,-0.553860,-0.063879,0.013665,-0.026120,0.024672,0.115333,0.000000
56,0.560000,561,0.215547,0.044033,-0.224819,-0.000119,-0.034925,0.020280,-0.155347,0.000528,0.000000
56,0.560000,562,0.649232,0.019886,-0.220043,0.000651,-0.014535,0.019800,-0.066057,-0.002958,0.000000
56,0.560000,563,0.001897,0.060923,-0.611416,-0.069839,0.004185,-0.013830,0.006845,0.114225,0.000000
56,0.560000,564,-0.238451,-0.161045,-0.196362,0.006481,-0.056076,-0.022820,-0.285573,-0.033004,0.000000
56,0.560000,565,-0.675043,-0.139664,0.173939,0.074691,-0.027825,-0.026010,0.159969,0.429411,0.000000
56,0.560000,566,-0.221041,0.065414,0.145481,0.068090,-0.006675,0.017090,0.045884,0.468033,0.000000
56,0.560000,567,-0.235831,0.046405,0.570473,-0.006929,0.042025,-0.065830,-0.073666,-0.012147,0.000000
56,0.560000,568,0.230207,0.268284,-0.245243,-0.009639,0.063825,0.057370,0.260253,0.039305,0.000000
56,0.560000,569,0.215547,0.044033,-0.224819,-0.000119,-0.034925,0.020280,-0.155347,0.000528,0.000000
57,0.570000,570,0.426450,0.024933,-0.200474,-0.001529,-0.024685,0.051570,-0.123135,0.007628,0.000000
57,0.570000,571,-0.005822,0.253944,0.198704,0.054380,0.003915,0.006520,-0.019704,0.273673,0.000000
57,0.570000,572,-0.026342,-0.177555,0.190857,-0.065019,0.003275,0.010990,-0.017159,-0.340667,0.000000
57,0.570000,573,-0.242901,-0.163435,0.179329,-0.065759,0.091025,-0.026790,-0.507589,-0.366693,0.000000
57,0.570000,574,-0.240151,-0.161225,0.541588,0.005371,0.041675,-0.023970,-0.076949,0.009917,0.000000
57,0.570000,575,-0.238451,-0.161045,-0.196362,0.006481,-0.056076,-0.022820,-0.285573,-0.033004,0.000000
57,0.570000,576,0.423540,0.022163,0.174595,0.067451,0.023955,0.047900,-0.137203,0.386329,0.000000
57,0.570000,577,0.214207,0.246683,-0.183125,-0.014569,0.063415,-0.028070,0.346295,0.079557,0.000000
57,0.570000,578,0.212797,0.041823,-0.587078,-0.071249,0.014425,0.017460,0.024570,0.121363,0.000000
57,0.570000,579,0.215547,0.044033,-0.224819,-0.000119,-0.034925,0.020280,-0.155347,0.000528,0.000000
58,0.580000,580,-0.030462,-0.182915,0.203045,0.074050,0.002805,0.004800,-0.013816,0.364700,0.000000
58,0.580000,581,-0.443823,0.070464,0.165051,0.065911,-0.016825,0.048860,0.101940,0.399337,0.000000
58,0.580000,582,-0.222581,0.065794,0.146095,-0.073129,0.091785,0.016790,-0.628257,-0.500555,0.000000
58,0.580000,583,0.212637,0.041263,0.150249,0.068861,0.013715,0.016610,-0.091283,0.458308,0.000000
58,0.580000,584,0.006057,0.267993,0.154804,0.057971,0.003825,-0.056540,-0.024707,0.374476,0.000000
58,0.580000,585,0.423540,0.022163,0.174595,0.067451,0.023955,0.047900,-0.137203,0.386329,0.000000
58,0.580000,586,0.215547,0.044033,-0.224819,-0.000119,-0.034925,0.020280,-0.155347,0.000528,0.000000
58,0.580000,587,0.215547,0.044033,-0.224819,-0.000119,-0.034925,0.020280,-0.155347,0.000528,0.000000
58,0.580000,588,-0.240151,-0.161225,0.541588,0.005371,0.041675,-0.023970,-0.076949,0.009917,0.000000
58,0.580000,589,-0.443820,0.068275,0.171066,-0.074499,-0.016855,-0.093450,0.098530,-0.435499,0.000000
59,0.590000,590,-0.240151,-0.161225,0.541588,0.005371,0.041675,-0.023970,-0.076949,0.009917,0.000000
59,0.590000,591,-0.218131,0.068184,-0.229588,-0.000889,-0.055315,0.020760,-0.240934,0.003873,0.000000
59,0.590000,592,-0.005822,0.253944,0.198704,0.054380,0.003915,0.006520,-0.019704,0.273673,0.000000
59,0.590000,593,0.430770,0.232563,-0.171589,-0.013829,-0.024335,0.009710,-0.141824,0.080592,0.000000
59,0.590000,594,0.426450,0.024933,-0.200474,-0.001529,-0.024685,0.051570,-0.123135,0.007628,0.000000
59,0.590000,595,0.192317,-0.187966,0.183475,0.076231,0.012955,-0.026970,-0.070610,0.415481,0.000000
59,0.590000,596,-0.244271,-0.166585,0.553776,0.144441,0.041205,-0.030160,-0.074407,0.260830,0.000000
59,0.590000,597,-0.244471,-0.368855,0.512695,0.017671,0.041325,0.017890,-0.080603,0.034466,0.000000
59,0.590000,598,-0.244441,-0.163285,0.924437,-0.066449,-0.008045,-0.028840,0.008703,-0.071880,0.000000
59,0.590000,599,-0.221041,0.065414,0.145481,0.068090,-0.006675,0.017090,0.045884,0.468033,0.000000
60,0.600000,600,0.212637,0.041263,0.150249,0.068861,0.013715,0.016610,-0.091283,0.458308,0.000000
60,0.600000,601,0.423540,0.022163,0.174595,0.067451,0.023955,0.047900,-0.137203,0.386329,0.000000
60,0.600000,602,0.232957,0.270494,0.117016,0.061491,0.014474,0.060190,-0.123696,0.525489,0.000000
60,0.600000,603,0.199547,0.022434,-0.162701,-0.005049,-0.035335,-0.065160,-0.217178,0.031034,0.000000
60,0.600000,604,-0.240151,-0.161225,0.541588,0.005371,0.041675,-0.023970,-0.076949,0.009917,0.000000
60,0.600000,605,-0.460023,-0.153404,0.186089,-0.065789,-0.017116,0.011470,0.091976,-0.353537,0.000000
60,0.600000,606,-0.219831,0.068004,0.508362,-0.002000,0.042435,0.019610,-0.083473,-0.003934,0.000000
60,0.600000,607,-0.002583,-0.147267,0.097019,0.082571,0.003125,0.027179,-0.032207,0.851074,0.000000
60,0.600000,608,0.215547,0.044033,-0.224819,-0.000119,-0.034925,0.020280,-0.155347,0.000528,0.000000
60,0.600000,609,0.212637,0.041263,0.150249,0.068861,0.013715,0.016610,-0.091283,0.458308,0.000000
61,0.610000,610,0.419250,0.020103,0.557444,-0.004369,-0.025765,0.043030,0.046221,-0.007837,0.000000
61,0.610000,611,-0.010142,0.046314,0.169819,0.066680,0.003565,0.048380,-0.020995,0.392656,0.000000
61,0.610000,612,-0.008932,0.048904,0.532700,-0.003409,0.052675,0.050900,-0.098884,-0.006400,0.000000
61,0.610000,613,-0.219831,0.068004,0.508362,-0.002000,0.042435,0.019610,-0.083473,-0.003934,0.000000
61,0.610000,614,-0.219831,0.068004,0.508362,-0.002000,0.042435,0.019610,-0.083473,-0.003934,0.000000
61,0.610000,615,-0.240151,-0.161225,0.541588,0.005371,0.041675,-0.023970,-0.076949,0.009917,0.000000
61,0.610000,616,0.209887,0.039053,-0.212009,-0.002269,0.063065,0.013790,0.297463,0.010704,0.000000
61,0.610000,617,0.430770,0.232563,-0.171589,-0.013829,-0.024335,0.009710,-0.141824,0.080592,0.000000
61,0.610000,618,0.443860,0.251394,0.141361,0.060081,0.024715,0.091480,-0.174835,0.425018,0.000000
61,0.610000,619,0.004647,0.063133,-0.249157,0.001291,-0.045166,-0.011010,-0.181273,-0.005181,0.000000
62,0.620000,620,-0.248431,-0.373655,-0.212452,0.016631,0.041565,0.012550,0.195646,-0.078280,0.000000
62,0.620000,621,-0.453800,-0.144335,0.154991,-0.064349,0.080785,-0.058080,-0.521222,-0.415180,0.000000
62,0.620000,622,-0.244111,-0.166025,-0.183552,0.004331,0.041915,-0.029310,0.228357,-0.023596,0.000000
62,0.620000,623,-0.004612,0.256534,0.561584,-0.015710,0.053025,0.009040,-0.094421,-0.027974,0.000000
62,0.620000,624,0.212797,0.041823,-0.587078,-0.071249,0.014425,0.017460,0.024570,0.121363,0.000000
62,0.620000,625,0.219867,0.251663,-0.195927,-0.012419,-0.034575,-0.021580,-0.176469,0.063387,0.000000
62,0.620000,626,-0.010142,0.046314,0.169819,0.066680,0.003565,0.048380,-0.020995,0.392656,0.000000
62,0.620000,627,-0.010142,0.046314,0.169819,0.066680,0.003565,0.048380,-0.020995,0.392656,0.000000
62,0.620000,628,-0.029252,-0.180325,0.565926,0.003961,0.051915,0.007320,-0.091735,0.006998,0.000000
62,0.620000,629,-0.244471,-0.368855,0.512695,0.017671,0.041325,0.017890,-0.080603,0.034466,0.000000
63,0.630000,630,-0.244471,-0.368855,0.512695,0.017671,0.041325,0.017890,-0.080603,0.034466,0.000000
63,0.630000,631,-0.001013,0.058153,-0.236347,-0.000859,0.052825,-0.017500,0.223508,0.003634,0.000000
63,0.630000,632,0.219867,0.251663,-0.195927,-0.012419,-0.034575,-0.021580,-0.176469,0.063387,0.000000
63,0.630000,633,0.212797,0.041823,-0.587078,-0.071249,0.014425,0.017460,0.024570,0.121363,0.000000
63,0.630000,634,0.430770,0.232563,-0.171589,-0.013829,-0.024335,0.009710,-0.141824,0.080592,0.000000
63,0.630000,635,0.189567,-0.190176,-0.178791,0.005101,0.062305,-0.029790,0.348479,-0.028529,0.000000
63,0.630000,636,-0.241361,-0.163815,0.178707,0.075461,-0.007435,-0.026490,0.041606,0.422260,0.000000
63,0.630000,637,-0.018783,-0.371136,0.118057,-0.049129,0.002834,-0.010210,-0.024008,-0.416142,0.000000
63,0.630000,638,-0.452260,-0.144715,0.154369,0.076870,-0.017675,-0.057780,0.114498,0.497964,0.000000
63,0.630000,639,-0.427820,0.089874,0.108955,-0.069570,-0.016445,-0.008010,0.150935,-0.638514,0.000000
64,0.640000,640,0.189567,-0.190176,-0.178791,0.005101,0.062305,-0.029790,0.348479,-0.028529,0.000000
64,0.640000,641,0.240187,0.480894,-0.229160,-0.019789,-0.033816,0.022000,-0.147564,0.086355,0.000000
64,0.640000,642,0.423540,0.022163,0.174595,0.067451,0.023955,0.047900,-0.137203,0.386329,0.000000
64,0.640000,643,-0.030462,-0.182915,0.203045,0.074050,0.002805,0.004800,-0.013816,0.364700,0.000000
64,0.640000,644,-0.244111,-0.166025,-0.183552,0.004331,0.041915,-0.029310,0.228357,-0.023596,0.000000
64,0.640000,645,-0.242901,-0.163435,0.179329,-0.065759,0.091025,-0.026790,-0.507589,-0.366693,0.000000
64,0.640000,646,-0.452260,-0.144715,0.154369,0.076870,-0.017675,-0.057780,0.114498,0.497964,0.000000
64,0.640000,647,-0.240151,-0.161225,0.541588,0.005371,0.041675,-0.023970,-0.076949,0.009917,0.000000
64,0.640000,648,0.212637,0.041263,0.150249,0.068861,0.013715,0.016610,-0.091283,0.458308,0.000000
64,0.640000,649,0.430770,0.232563,-0.171589,-0.013829,-0.024335,0.009710,-0.141824,0.080592,0.000000
65,0.650000,650,0.423540,0.022163,0.174595,0.067451,0.023955,0.047900,-0.137203,0.386329,0.000000
65,0.650000,651,0.215547,0.044033,-0.224819,-0.000119,-0.034925,0.020280,-0.155347,0.000528,0.000000
65,0.650000,652,-0.221041,0.065414,0.145481,0.068090,-0.006675,0.017090,0.045884,0.468033,0.000000
65,0.650000,653,-0.430730,0.087104,0.484024,-0.000589,0.032195,-0.011680,-0.066515,-0.001218,0.000000
65,0.650000,654,-0.240151,-0.161225,0.541588,0.005371,0.041675,-0.023970,-0.076949,0.009917,0.000000
65,0.650000,655,-0.221041,0.065414,0.145481,0.068090,-0.006675,0.017090,0.045884,0.468033,0.000000
65,0.650000,656,0.216957,0.248893,0.179142,0.056560,0.014065,-0.025250,-0.078515,0.315727,0.000000
65,0.650000,657,0.212637,0.041263,0.150249,0.068861,0.013715,0.016610,-0.091283,0.458308,0.000000
65,0.650000,658,0.212637,0.041263,0.150249,0.068861,0.013715,0.016610,-0.091283,0.458308,0.000000
65,0.650000,659,-0.218131,0.068184,-0.229588,-0.000889,-0.055315,0.020760,-0.240934,0.003873,0.000000
66,0.660000,660,-0.240151,-0.161225,0.541588,0.005371,0.041675,-0.023970,-0.076949,0.009917,0.000000
66,0.660000,661,-0.223951,0.062644,0.520550,0.137071,0.041965,0.013420,-0.080617,0.263320,0.000000
66,0.660000,662,-0.455170,-0.147485,0.529438,0.145851,0.030964,-0.061450,-0.058485,0.275482,0.000000
66,0.660000,663,-0.223951,0.062644,0.520550,0.137071,0.041965,0.013420,-0.080617,0.263320,0.000000
66,0.660000,664,0.215547,0.044033,-0.224819,-0.000119,-0.034925,0.020280,-0.155347,0.000528,0.000000
66,0.660000,665,0.216957,0.248893,0.179142,0.056560,0.014065,-0.025250,-0.078515,0.315727,0.000000
66,0.660000,666,0.232957,0.270494,0.117016,0.061491,0.014474,0.060190,-0.123696,0.525489,0.000000
66,0.660000,667,-0.010142,0.046314,0.169819,0.066680,0.003565,0.048380,-0.020995,0.392656,0.000000
66,0.660000,668,-0.221041,0.065414,0.145481,0.068090,-0.006675,0.017090,0.045884,0.468033,0.000000
66,0.660000,669,-0.242901,-0.163435,0.179329,-0.065759,0.091025,-0.026790,-0.507589,-0.366693,0.000000
67,0.670000,670,-0.245681,-0.371445,0.149815,0.087760,-0.007785,0.015370,0.051966,0.585794,0.000000
67,0.670000,671,-0.244441,-0.163285,0.924437,-0.066449,-0.008045,-0.028840,0.008703,-0.071880,0.000000
67,0.670000,672,-0.007232,0.049084,-0.205250,-0.002299,-0.045075,0.052050,-0.219610,0.011200,0.000000
67,0.670000,673,0.424750,0.024753,0.537476,-0.002639,0.073065,0.050420,-0.135941,-0.004910,0.000000
67,0.670000,674,0.212637,0.041263,0.150249,0.068861,0.013715,0.016610,-0.091283,0.458308,0.000000
67,0.670000,675,-0.010142,0.046314,0.169819,0.066680,0.003565,0.048380,-0.020995,0.392656,0.000000
67,0.670000,676,-0.242901,-0.163435,0.179329,-0.065759,0.091025,-0.026790,-0.507589,-0.366693,0.000000
67,0.670000,677,-0.453800,-0.144335,0.154991,-0.064349,0.080785,-0.058080,-0.521222,-0.415180,0.000000
67,0.670000,678,-0.248431,-0.373655,-0.212452,0.016631,0.041565,0.012550,0.195646,-0.078280,0.000000
67,0.670000,679,-0.241361,-0.163815,0.178707,0.075461,-0.007435,-0.026490,0.041606,0.422260,0.000000
68,0.680000,680,0.221247,0.250953,-0.203709,0.128380,0.063785,-0.020380,0.313119,-0.630213,0.000000
68,0.680000,681,0.430770,0.232563,-0.171589,-0.013829,-0.024335,0.009710,-0.141824,0.080592,0.000000
68,0.680000,682,0.423540,0.022163,0.174595,0.067451,0.023955,0.047900,-0.137203,0.386329,0.000000
68,0.680000,683,-0.221041,0.065414,0.145481,0.068090,-0.006675,0.017090,0.045884,0.468033,0.000000
68,0.680000,684,-0.466893,-0.160975,-0.163990,0.002151,0.031765,0.002460,0.193704,-0.013117,0.000000
68,0.680000,685,-0.225491,0.063024,0.521164,-0.004149,0.140425,0.013120,-0.269444,-0.007962,0.000000
68,0.680000,686,-0.247221,-0.371065,0.150429,-0.053459,0.090675,0.015070,-0.602779,-0.355379,0.000000
68,0.680000,687,-0.030462,-0.182915,0.203045,0.074050,0.002805,0.004800,-0.013816,0.364700,0.000000
68,0.680000,688,0.212797,0.041823,-0.587078,-0.071249,0.014425,0.017460,0.024570,0.121363,0.000000
68,0.680000,689,0.237437,0.478684,-0.591427,-0.090919,0.015535,0.019180,0.026267,0.153728,0.000000
69,0.690000,690,0.442649,0.246616,-0.215504,-0.010239,-0.024425,-0.053350,-0.113339,0.047513,0.000000
69,0.690000,691,0.212637,0.041263,0.150249,0.068861,0.013715,0.016610,-0.091283,0.458308,0.000000
69,0.690000,692,-0.221041,0.065414,0.145481,0.068090,-0.006675,0.017090,0.045884,0.468033,0.000000
69,0.690000,693,-0.219831,0.068004,0.508362,-0.002000,0.042435,0.019610,-0.083473,-0.003934,0.000000
69,0.690000,694,-0.238611,-0.161375,-0.203522,0.006061,0.140745,-0.021920,0.691549,-0.029781,0.000000
69,0.690000,695,-0.018583,-0.168866,0.159138,0.077641,0.002715,-0.058260,-0.017058,0.487886,0.000000
69,0.690000,696,0.004647,0.063133,-0.249157,0.001291,-0.045166,-0.011010,-0.181273,-0.005181,0.000000
69,0.690000,697,0.446770,0.254164,-0.233707,-0.008899,-0.023925,0.095150,-0.102373,0.038078,0.000000
69,0.690000,698,0.216957,0.248893,0.179142,0.056560,0.014065,-0.025250,-0.078515,0.315727,0.000000
69,0.690000,699,0.212637,0.041263,0.150249,0.068861,0.013715,0.016610,-0.091283,0.458308,0.000000
70,0.700000,700,-0.442613,0.073054,0.527931,-0.004179,0.032285,0.051380,-0.061153,-0.007916,0.000000
70,0.700000,701,-0.245811,-0.166205,0.554398,0.003222,0.139665,-0.030460,-0.251921,0.005811,0.000000
70,0.700000,702,-0.243061,-0.163995,0.916656,0.074351,0.090315,-0.027640,-0.098526,0.081111,0.000000
70,0.700000,703,0.195227,-0.185196,-0.191593,0.007251,-0.035685,-0.023300,-0.186254,-0.037847,0.000000
70,0.700000,704,0.212637,0.041263,0.150249,0.068861,0.013715,0.016610,-0.091283,0.458308,0.000000
70,0.700000,705,0.420790,0.019953,-0.187672,-0.003680,0.073305,0.045080,0.390601,0.019607,0.000000
70,0.700000,706,0.216957,0.248893,0.179142,0.056560,0.014065,-0.025250,-0.078515,0.315727,0.000000
70,0.700000,707,-0.215511,0.275634,0.537247,-0.014299,0.042785,-0.022250,-0.079637,-0.026616,0.000000
70,0.700000,708,-0.228111,-0.144426,-0.245670,0.009261,0.042325,0.056129,0.172286,-0.037695,0.000000
70,0.700000,709,-0.456580,-0.352345,0.125477,0.089171,-0.018025,-0.015920,0.143651,0.710657,0.000000
71,0.710000,710,-0.219831,0.068004,0.508362,-0.002000,0.042435,0.019610,-0.083473,-0.003934,0.000000
71,0.710000,711,0.189567,-0.190176,-0.178791,0.005101,0.062305,-0.029790,0.348479,-0.028529,0.000000
71,0.710000,712,0.216957,0.248893,0.179142,0.056560,0.014065,-0.025250,-0.078515,0.315727,0.000000
71,0.710000,713,0.423540,0.022163,0.174595,0.067451,0.023955,0.047900,-0.137203,0.386329,0.000000
71,0.710000,714,0.192317,-0.187966,0.183475,0.076231,0.012955,-0.026970,-0.070610,0.415481,0.000000
71,0.710000,715,-0.020642,0.029365,0.211960,0.063481,0.101985,-0.029670,-0.481152,0.299495,0.000000
71,0.710000,716,-0.244111,-0.166025,-0.183552,0.004331,0.041915,-0.029310,0.228357,-0.023596,0.000000
71,0.710000,717,-0.452260,-0.144715,0.154369,0.076870,-0.017675,-0.057780,0.114498,0.497964,0.000000
71,0.710000,718,-0.218131,0.068184,-0.229588,-0.000889,-0.055315,0.020760,-0.240934,0.003873,0.000000
71,0.710000,719,-0.033212,-0.185125,-0.159214,0.002921,0.052155,0.001980,0.327578,-0.018344,0.000000
72,0.720000,720,0.423540,0.022163,0.174595,0.067451,0.023955,0.047900,-0.137203,0.386329,0.000000
72,0.720000,721,0.423540,0.022163,0.174595,0.067451,0.023955,0.047900,-0.137203,0.386329,0.000000
72,0.720000,722,-0.010142,0.046314,0.169819,0.066680,0.003565,0.048380,-0.020995,0.392656,0.000000
72,0.720000,723,-0.221041,0.065414,0.145481,0.068090,-0.006675,0.017090,0.045884,0.468033,0.000000
72,0.720000,724,-0.465683,-0.158385,0.198891,-0.067939,0.080875,0.004980,-0.406632,-0.341589,0.000000
72,0.720000,725,-0.241361,-0.163815,0.178707,0.075461,-0.007435,-0.026490,0.041606,0.422260,0.000000
72,0.720000,726,-0.241361,-0.163815,0.178707,0.075461,-0.007435,-0.026490,0.041606,0.422260,0.000000
72,0.720000,727,0.195227,-0.185196,-0.191593,0.007251,-0.035685,-0.023300,-0.186254,-0.037847,0.000000
72,0.720000,728,0.423540,0.022163,0.174595,0.067451,0.023955,0.047900,-0.137203,0.386329,0.000000
72,0.720000,729,0.195227,-0.185196,-0.191593,0.007251,-0.035685,-0.023300,-0.186254,-0.037847,0.000000
73,0.730000,730,0.014498,0.483175,0.165470,0.047010,0.004674,0.050100,-0.028249,0.284099,0.000000
73,0.730000,731,-0.238451,-0.161045,-0.196362,0.006481,-0.056076,-0.022820,-0.285573,-0.033004,0.000000
73,0.730000,732,-0.241331,0.041755,0.590441,-0.008659,-0.056805,-0.073220,0.096208,-0.014666,0.000000
73,0.730000,733,-0.466893,-0.160975,-0.163990,0.002151,0.031765,0.002460,0.193704,-0.013117,0.000000
73,0.730000,734,-0.245681,-0.371445,0.149815,0.087760,-0.007785,0.015370,0.051966,0.585794,0.000000
73,0.730000,735,0.002947,0.062953,0.488792,0.000180,0.052585,-0.012160,-0.107581,0.000369,0.000000
73,0.730000,736,0.216957,0.248893,0.179142,0.056560,0.014065,-0.025250,-0.078515,0.315727,0.000000
73,0.730000,737,0.212637,0.041263,0.150249,0.068861,0.013715,0.016610,-0.091283,0.458308,0.000000
73,0.730000,738,0.215547,0.044033,-0.224819,-0.000119,-0.034925,0.020280,-0.155347,0.000528,0.000000
73,0.730000,739,-0.216721,0.273044,0.174366,0.055790,-0.006325,-0.024770,0.036276,0.319962,0.000000
74,0.740000,740,-0.216921,0.070774,0.133293,-0.070979,-0.006206,0.023280,0.046556,-0.532504,0.000000
74,0.740000,741,-0.430730,0.087104,0.484024,-0.000589,0.032195,-0.011680,-0.066515,-0.001218,0.000000
74,0.740000,742,-0.221041,0.065414,0.145481,0.068090,-0.006675,0.017090,0.045884,0.468033,0.000000
74,0.740000,743,0.001737,0.060363,0.125912,0.070270,0.003475,-0.014680,-0.027596,0.558090,0.000000
74,0.740000,744,0.212637,0.041263,0.150249,0.068861,0.013715,0.016610,-0.091283,0.458308,0.000000
74,0.740000,745,0.417849,-0.190803,0.526165,0.149541,-0.026246,-0.055920,0.049881,0.284210,0.000000
74,0.740000,746,0.212637,0.041263,0.150249,0.068861,0.013715,0.016610,-0.091283,0.458308,0.000000
74,0.740000,747,-0.244111,-0.166025,-0.183552,0.004331,0.041915,-0.029310,0.228357,-0.023596,0.000000
74,0.740000,748,-0.241361,-0.163815,0.178707,0.075461,-0.007435,-0.026490,0.041606,0.422260,0.000000
74,0.740000,749,-0.237041,0.043815,0.207592,0.063160,-0.007085,-0.068350,0.034131,0.304253,0.000000
75,0.750000,750,-0.451050,-0.142125,0.517250,0.006781,0.031435,-0.055260,-0.060773,0.013109,0.000000
75,0.750000,751,-0.010142,0.046314,0.169819,0.066680,0.003565,0.048380,-0.020995,0.392656,0.000000
75,0.750000,752,0.211427,0.038673,-0.212629,0.138951,-0.035395,0.014090,-0.166462,-0.653489,0.000000
75,0.750000,753,0.426450,0.024933,-0.200474,-0.001529,-0.024685,0.051570,-0.123135,0.007628,0.000000
75,0.750000,754,-0.009982,0.046874,-0.567516,-0.073430,0.004275,0.049230,0.007533,0.129388,0.000000
75,0.750000,755,-0.008932,0.048904,0.532700,-0.003409,0.052675,0.050900,-0.098884,-0.006400,0.000000
75,0.750000,756,-0.219831,0.068004,0.508362,-0.002000,0.042435,0.019610,-0.083473,-0.003934,0.000000
75,0.750000,757,-0.241361,-0.163815,0.178707,0.075461,-0.007435,-0.026490,0.041606,0.422260,0.000000
75,0.750000,758,-0.261681,-0.393046,0.211941,0.082831,-0.008195,-0.070070,0.038668,0.390821,0.000000
75,0.750000,759,-0.221041,0.065414,0.145481,0.068090,-0.006675,0.017090,0.045884,0.468033,0.000000
76,0.760000,760,0.212637,0.041263,0.150249,0.068861,0.013715,0.016610,-0.091283,0.458308,0.000000
76,0.760000,761,0.212637,0.041263,0.150249,0.068861,0.013715,0.016610,-0.091283,0.458308,0.000000
76,0.760000,762,0.213847,0.043853,0.513130,-0.001229,0.062825,0.019130,-0.122435,-0.002396,0.000000
76,0.760000,763,-0.010142,0.046314,0.169819,0.066680,0.003565,0.048380,-0.020995,0.392656,0.000000
76,0.760000,764,-0.241361,-0.163815,0.178707,0.075461,-0.007435,-0.026490,0.041606,0.422260,0.000000
76,0.760000,765,-0.244111,-0.166025,-0.183552,0.004331,0.041915,-0.029310,0.228357,-0.023596,0.000000
76,0.760000,766,-0.033372,-0.185685,0.578114,0.143031,0.051445,0.001130,-0.088987,0.247409,0.000000
76,0.760000,767,0.212637,0.041263,0.150249,0.068861,0.013715,0.016610,-0.091283,0.458308,0.000000
76,0.760000,768,-0.009982,0.046874,-0.567516,-0.073430,0.004275,0.049230,0.007533,0.129388,0.000000
76,0.760000,769,0.420629,0.017207,0.555672,-0.003980,0.072565,-0.098080,-0.130590,-0.007162,0.000000
77,0.770000,770,0.217117,0.249453,-0.558193,-0.083549,0.014775,-0.024400,0.026469,0.149678,0.000000
77,0.770000,771,-0.029252,-0.180325,0.565926,0.003961,0.051915,0.007320,-0.091735,0.006998,0.000000
77,0.770000,772,-0.430730,0.087104,0.484024,-0.000589,0.032195,-0.011680,-0.066515,-0.001218,0.000000
77,0.770000,773,-0.215511,0.275634,0.537247,-0.014299,0.042785,-0.022250,-0.079637,-0.026616,0.000000
77,0.770000,774,-0.241361,-0.163815,0.178707,0.075461,-0.007435,-0.026490,0.041606,0.422260,0.000000
77,0.770000,775,0.189567,-0.190176,-0.178791,0.005101,0.062305,-0.029790,0.348479,-0.028529,0.000000
77,0.770000,776,0.426450,0.024933,-0.200474,-0.001529,-0.024685,0.051570,-0.123135,0.007628,0.000000
77,0.770000,777,0.216957,0.248893,0.179142,0.056560,0.014065,-0.025250,-0.078515,0.315727,0.000000
77,0.770000,778,0.212637,0.041263,0.150249,0.068861,0.013715,0.016610,-0.091283,0.458308,0.000000
77,0.770000,779,0.209527,-0.163777,0.484238,0.011071,0.062475,0.060989,-0.129018,0.022863,0.000000
78,0.780000,780,-0.452260,-0.144715,0.154369,0.076870,-0.017675,-0.057780,0.114498,0.497964,0.000000
78,0.780000,781,-0.240151,-0.161225,0.541588,0.005371,0.041675,-0.023970,-0.076949,0.009917,0.000000
78,0.780000,782,0.008967,0.270763,-0.220264,-0.011010,-0.044816,-0.052870,-0.203462,0.049984,0.000000
78,0.780000,783,0.195227,-0.185196,-0.191593,0.007251,-0.035685,-0.023300,-0.186254,-0.037847,0.000000
78,0.780000,784,0.406130,-0.204296,-0.167248,0.005841,-0.025445,0.007990,-0.152142,-0.034923,0.000000
78,0.780000,785,0.212637,0.041263,0.150249,0.068861,0.013715,0.016610,-0.091283,0.458308,0.000000
78,0.780000,786,0.423540,0.022163,0.174595,0.067451,0.023955,0.047900,-0.137203,0.386329,0.000000
78,0.780000,787,-0.029252,-0.180325,0.565926,0.003961,0.051915,0.007320,-0.091735,0.006998,0.000000
78,0.780000,788,-0.245681,-0.371445,0.149815,0.087760,-0.007785,0.015370,0.051966,0.585794,0.000000
78,0.780000,789,-0.245681,-0.371445,0.149815,0.087760,-0.007785,0.015370,0.051966,0.585794,0.000000
79,0.790000,790,-0.030462,-0.182915,0.203045,0.074050,0.002805,0.004800,-0.013816,0.364700,0.000000
79,0.790000,791,-0.026142,0.024715,0.231930,0.061751,0.003155,-0.037060,-0.013604,0.266248,0.000000
79,0.790000,792,0.191107,-0.190556,-0.179403,0.146321,-0.036155,-0.029490,-0.201528,-0.815597,0.000000
79,0.790000,793,0.212637,0.041263,0.150249,0.068861,0.013715,0.016610,-0.091283,0.458308,0.000000
79,0.790000,794,0.212637,0.041263,0.150249,0.068861,0.013715,0.016610,-0.091283,0.458308,0.000000
79,0.790000,795,-0.030462,-0.182915,0.203045,0.074050,0.002805,0.004800,-0.013816,0.364700,0.000000
79,0.790000,796,-0.464143,-0.158764,0.198277,0.073281,-0.017585,0.005280,0.088691,0.369589,0.000000
79,0.790000,797,-0.222581,0.065794,0.146095,-0.073129,0.091785,0.016790,-0.628257,-0.500555,0.000000
79,0.790000,798,0.001737,0.060363,0.125912,0.070270,0.003475,-0.014680,-0.027596,0.558090,0.000000
79,0.790000,799,0.196637,0.019664,0.212368,0.063931,0.013305,-0.068830,-0.062652,0.301039,0.000000
80,0.800000,800,0.403220,-0.207066,0.207821,0.074821,0.023195,0.004320,-0.111610,0.360026,0.000000
80,0.800000,801,0.216957,0.248893,0.179142,0.056560,0.014065,-0.025250,-0.078515,0.315727,0.000000
80,0.800000,802,0.212637,0.041263,0.150249,0.068861,0.013715,0.016610,-0.091283,0.458308,0.000000
80,0.800000,803,-0.245681,-0.371445,0.149815,0.087760,-0.007785,0.015370,0.051966,0.585794,0.000000
80,0.800000,804,-0.244471,-0.368855,0.512695,0.017671,0.041325,0.017890,-0.080603,0.034466,0.000000
80,0.800000,805,-0.241361,-0.163815,0.178707,0.075461,-0.007435,-0.026490,0.041606,0.422260,0.000000
80,0.800000,806,-0.216721,0.273044,0.174366,0.055790,-0.006325,-0.024770,0.036276,0.319962,0.000000
80,0.800000,807,0.215547,0.044033,-0.224819,-0.000119,-0.034925,0.020280,-0.155347,0.000528,0.000000
80,0.800000,808,0.423540,0.022163,0.174595,0.067451,0.023955,0.047900,-0.137203,0.386329,0.000000
80,0.800000,809,0.427860,0.229793,0.203480,0.055151,0.024305,0.006040,-0.119446,0.271037,0.000000
81,0.810000,810,-0.010142,0.046314,0.169819,0.066680,0.003565,0.048380,-0.020995,0.392656,0.000000
81,0.810000,811,-0.021493,-0.171636,0.534206,0.146621,0.051355,-0.061930,-0.096133,0.274466,0.000000
81,0.810000,812,-0.464143,-0.158764,0.198277,0.073281,-0.017585,0.005280,0.088691,0.369589,0.000000
81,0.810000,813,-0.452260,-0.144715,0.154369,0.076870,-0.017675,-0.057780,0.114498,0.497964,0.000000
81,0.810000,814,0.192317,-0.187966,0.183475,0.076231,0.012955,-0.026970,-0.070610,0.415481,0.000000
81,0.810000,815,0.187997,-0.395596,0.154583,0.088531,0.012605,0.014890,-0.081543,0.572709,0.000000
81,0.810000,816,0.448180,0.459024,0.170246,0.047781,0.025065,0.049620,-0.147228,0.280656,0.000000
81,0.810000,817,0.430770,0.232563,-0.171589,-0.013829,-0.024335,0.009710,-0.141824,0.080592,0.000000
81,0.810000,818,-0.010142,0.046314,0.169819,0.066680,0.003565,0.048380,-0.020995,0.392656,0.000000
81,0.810000,819,-0.222581,0.065794,0.146095,-0.073129,0.091785,0.016790,-0.628257,-0.500555,0.000000
82,0.820000,820,-0.244471,-0.368855,0.512695,0.017671,0.041325,0.017890,-0.080603,0.034466,0.000000
82,0.820000,821,-0.240151,-0.161225,0.541588,0.005371,0.041675,-0.023970,-0.076949,0.009917,0.000000
82,0.820000,822,-0.221041,0.065414,0.145481,0.068090,-0.006675,0.017090,0.045884,0.468033,0.000000
82,0.820000,823,0.224157,0.253723,-0.578777,0.059401,0.015145,-0.016710,0.026167,-0.102631,0.000000
82,0.820000,824,0.426450,0.024933,-0.200474,-0.001529,-0.024685,0.051570,-0.123135,0.007628,0.000000
82,0.820000,825,0.419250,0.020103,0.557444,-0.004369,-0.025765,0.043030,0.046221,-0.007837,0.000000
82,0.820000,826,0.212637,0.041263,0.150249,0.068861,0.013715,0.016610,-0.091283,0.458308,0.000000
82,0.820000,827,-0.221041,0.065414,0.145481,0.068090,-0.006675,0.017090,0.045884,0.468033,0.000000
82,0.820000,828,-0.467253,-0.363805,0.532265,0.015491,0.031175,0.049660,-0.058570,0.029103,0.000000
82,0.820000,829,-0.235861,-0.159165,0.158737,0.077191,0.091394,-0.019100,-0.575759,0.486281,0.000000
83,0.830000,830,-0.219831,0.068004,0.508362,-0.002000,0.042435,0.019610,-0.083473,-0.003934,0.000000
83,0.830000,831,-0.010142,0.046314,0.169819,0.066680,0.003565,0.048380,-0.020995,0.392656,0.000000
83,0.830000,832,0.216957,0.248893,0.179142,0.056560,0.014065,-0.025250,-0.078515,0.315727,0.000000
83,0.830000,833,0.216957,0.248893,0.179142,0.056560,0.014065,-0.025250,-0.078515,0.315727,0.000000
83,0.830000,834,0.215547,0.044033,-0.224819,-0.000119,-0.034925,0.020280,-0.155347,0.000528,0.000000
83,0.830000,835,-0.013222,0.046844,0.915548,-0.075229,0.002955,0.046030,-0.003228,-0.082168,0.000000
83,0.830000,836,-0.240151,-0.161225,0.541588,0.005371,0.041675,-0.023970,-0.076949,0.009917,0.000000
83,0.830000,837,-0.237241,-0.158455,0.166519,-0.063609,-0.006966,-0.020300,0.041831,-0.381993,0.000000
83,0.830000,838,-0.026142,0.024715,0.231930,0.061751,0.003155,-0.037060,-0.013604,0.266248,0.000000
83,0.830000,839,-0.007232,0.049084,-0.205250,-0.002299,-0.045075,0.052050,-0.219610,0.011200,0.000000
84,0.840000,840,-0.005822,0.253944,0.198704,0.054380,0.003915,0.006520,-0.019704,0.273673,0.000000
84,0.840000,841,-0.002912,0.256714,-0.176365,-0.014599,-0.044725,0.010190,-0.253593,0.082779,0.000000
84,0.840000,842,-0.011352,0.043724,-0.193060,0.136771,-0.045545,0.045860,-0.235909,-0.708437,0.000000
84,0.840000,843,-0.244111,-0.166025,-0.183552,0.004331,0.041915,-0.029310,0.228357,-0.023596,0.000000
84,0.840000,844,-0.244111,-0.166025,-0.183552,0.004331,0.041915,-0.029310,0.228357,-0.023596,0.000000
84,0.840000,845,-0.451050,-0.142125,0.517250,0.006781,0.031435,-0.055260,-0.060773,0.013109,0.000000
84,0.840000,846,-0.221041,0.065414,0.145481,0.068090,-0.006675,0.017090,0.045884,0.468033,0.000000
84,0.840000,847,0.209887,0.039053,-0.212009,-0.002269,0.063065,0.013790,0.297463,0.010704,0.000000
84,0.840000,848,0.216927,0.043323,-0.232601,0.140680,0.063435,0.021480,0.272720,-0.604813,0.000000
84,0.840000,849,0.216957,0.248893,0.179142,0.056560,0.014065,-0.025250,-0.078515,0.315727,0.000000
85,0.850000,850,0.001737,0.060363,0.125912,0.070270,0.003475,-0.014680,-0.027596,0.558090,0.000000
85,0.850000,851,0.006057,0.267993,0.154804,0.057971,0.003825,-0.056540,-0.024707,0.374476,0.000000
85,0.850000,852,-0.241361,-0.163815,0.178707,0.075461,-0.007435,-0.026490,0.041606,0.422260,0.000000
85,0.850000,853,-0.451050,-0.142125,0.517250,0.006781,0.031435,-0.055260,-0.060773,0.013109,0.000000
85,0.850000,854,-0.030462,-0.182915,0.203045,0.074050,0.002805,0.004800,-0.013816,0.364700,0.000000
85,0.850000,855,-0.010142,0.046314,0.169819,0.066680,0.003565,0.048380,-0.020995,0.392656,0.000000
85,0.850000,856,0.427860,0.229793,0.203480,0.055151,0.024305,0.006040,-0.119446,0.271037,0.000000
85,0.850000,857,0.427860,0.229793,0.203480,0.055151,0.024305,0.006040,-0.119446,0.271037,0.000000
85,0.850000,858,0.232957,0.270494,0.117016,0.061491,0.014474,0.060190,-0.123696,0.525489,0.000000
85,0.850000,859,-0.257694,-0.180255,0.598297,-0.000369,0.139754,0.032600,-0.233587,-0.000617,0.000000
86,0.860000,860,-0.235831,0.046405,0.570473,-0.006929,0.042025,-0.065830,-0.073666,-0.012147,0.000000
86,0.860000,861,-0.240151,-0.161225,0.541588,0.005371,0.041675,-0.023970,-0.076949,0.009917,0.000000
86,0.860000,862,-0.241361,-0.163815,0.178707,0.075461,-0.007435,-0.026490,0.041606,0.422260,0.000000
86,0.860000,863,0.219867,0.251663,-0.195927,-0.012419,-0.034575,-0.021580,-0.176469,0.063387,0.000000
86,0.860000,864,0.216957,0.248893,0.179142,0.056560,0.014065,-0.025250,-0.078515,0.315727,0.000000
86,0.860000,865,0.426450,0.024933,-0.200474,-0.001529,-0.024685,0.051570,-0.123135,0.007628,0.000000
86,0.860000,866,-0.007232,0.049084,-0.205250,-0.002299,-0.045075,0.052050,-0.219610,0.011200,0.000000
86,0.860000,867,-0.005852,0.048374,-0.213032,0.138500,0.053285,0.053250,0.250128,-0.650139,0.000000
86,0.860000,868,-0.221041,0.065414,0.145481,0.068090,-0.006675,0.017090,0.045884,0.468033,0.000000
86,0.860000,869,-0.241361,-0.163815,0.178707,0.075461,-0.007435,-0.026490,0.041606,0.422260,0.000000
87,0.870000,870,0.005857,0.065723,0.113724,-0.068799,0.003944,-0.008490,-0.034684,-0.604966,0.000000
87,0.870000,871,0.216957,0.248893,0.179142,0.056560,0.014065,-0.025250,-0.078515,0.315727,0.000000
87,0.870000,872,0.448180,0.459024,0.170246,0.047781,0.025065,0.049620,-0.147228,0.280656,0.000000
87,0.870000,873,-0.011352,0.043724,-0.193060,0.136771,-0.045545,0.045860,-0.235909,-0.708437,0.000000
87,0.870000,874,-0.213841,0.070244,-0.612438,0.070930,-0.005596,0.025630,-0.009137,-0.115817,0.000000
87,0.870000,875,-0.458613,0.051456,0.590050,-0.009109,0.031875,-0.034060,-0.054020,-0.015437,0.000000
87,0.870000,876,-0.462933,-0.156174,0.561157,0.003191,0.031525,0.007800,-0.056178,0.005686,0.000000
87,0.870000,877,-0.242901,-0.163435,0.179329,-0.065759,0.091025,-0.026790,-0.507589,-0.366693,0.000000
87,0.870000,878,-0.221041,0.065414,0.145481,0.068090,-0.006675,0.017090,0.045884,0.468033,0.000000
87,0.870000,879,0.209887,0.039053,-0.212009,-0.002269,0.063065,0.013790,0.297463,0.010704,0.000000
88,0.880000,880,0.215547,0.044033,-0.224819,-0.000119,-0.034925,0.020280,-0.155347,0.000528,0.000000
88,0.880000,881,0.423540,0.022163,0.174595,0.067451,0.023955,0.047900,-0.137203,0.386329,0.000000
88,0.880000,882,0.218167,0.251483,0.542023,-0.013530,0.063175,-0.022730,-0.116555,-0.024962,0.000000
88,0.880000,883,-0.464143,-0.158764,0.198277,0.073281,-0.017585,0.005280,0.088691,0.369589,0.000000
88,0.880000,884,-0.239991,-0.160665,-0.195740,-0.134739,0.042385,-0.023120,0.216538,0.688357,0.000000
88,0.880000,885,-0.240151,-0.161225,0.541588,0.005371,0.041675,-0.023970,-0.076949,0.009917,0.000000
88,0.880000,886,-0.221041,0.065414,0.145481,0.068090,-0.006675,0.017090,0.045884,0.468033,0.000000
88,0.880000,887,0.196637,0.019664,0.212368,0.063931,0.013305,-0.068830,-0.062652,0.301039,0.000000
88,0.880000,888,0.407540,0.000564,0.236706,0.062521,0.023545,-0.037540,-0.099469,0.264127,0.000000
88,0.880000,889,0.427860,0.229793,0.203480,0.055151,0.024305,0.006040,-0.119446,0.271037,0.000000
89,0.890000,890,0.212637,0.041263,0.150249,0.068861,0.013715,0.016610,-0.091283,0.458308,0.000000
89,0.890000,891,-0.219831,0.068004,0.508362,-0.002000,0.042435,0.019610,-0.083473,-0.003934,0.000000
89,0.890000,892,-0.241361,-0.163815,0.178707,0.075461,-0.007435,-0.026490,0.041606,0.422260,0.000000
89,0.890000,893,-0.240151,-0.161225,0.541588,0.005371,0.041675,-0.023970,-0.076949,0.009917,0.000000
89,0.890000,894,0.209727,0.038493,0.525318,0.137841,0.062355,0.012940,-0.118699,0.262395,0.000000
89,0.890000,895,0.212637,0.041263,0.150249,0.068861,0.013715,0.016610,-0.091283,0.458308,0.000000
89,0.890000,896,0.426450,0.024933,-0.200474,-0.001529,-0.024685,0.051570,-0.123135,0.007628,0.000000
89,0.890000,897,0.423540,0.022163,0.174595,0.067451,0.023955,0.047900,-0.137203,0.386329,0.000000
89,0.890000,898,-0.006022,0.051674,0.157631,-0.072389,0.004035,0.054570,-0.025598,-0.459229,0.000000
89,0.890000,899,-0.237241,-0.158455,0.166519,-0.063609,-0.006966,-0.020300,0.041831,-0.381993,0.000000
90,0.900000,900,-0.675043,-0.139664,0.173939,0.074691,-0.027825,-0.026010,0.159969,0.429411,0.000000
90,0.900000,901,-0.240151,-0.161225,0.541588,0.005371,0.041675,-0.023970,-0.076949,0.009917,0.000000
90,0.900000,902,-0.018583,-0.168866,0.159138,0.077641,0.002715,-0.058260,-0.017058,0.487886,0.000000
90,0.900000,903,0.215547,0.044033,-0.224819,-0.000119,-0.034925,0.020280,-0.155347,0.000528,0.000000
90,0.900000,904,0.215547,0.044033,-0.224819,-0.000119,-0.034925,0.020280,-0.155347,0.000528,0.000000
90,0.900000,905,-0.007232,0.049084,-0.205250,-0.002299,-0.045075,0.052050,-0.219610,0.011200,0.000000
90,0.900000,906,-0.030462,-0.182915,0.203045,0.074050,0.002805,0.004800,-0.013816,0.364700,0.000000
90,0.900000,907,-0.241361,-0.163815,0.178707,0.075461,-0.007435,-0.026490,0.041606,0.422260,0.000000
90,0.900000,908,-0.235831,0.046405,0.570473,-0.006929,0.042025,-0.065830,-0.073666,-0.012147,0.000000
90,0.900000,909,-0.237041,0.043815,0.207592,0.063160,-0.007085,-0.068350,0.034131,0.304253,0.000000
91,0.910000,910,-0.222451,-0.139446,-0.258480,0.011411,-0.055665,0.062619,-0.215357,-0.044147,0.000000
91,0.910000,911,0.212637,0.041263,0.150249,0.068861,0.013715,0.016610,-0.091283,0.458308,0.000000
91,0.910000,912,0.212637,0.041263,0.150249,0.068861,0.013715,0.016610,-0.091283,0.458308,0.000000
91,0.910000,913,0.216957,0.248893,0.179142,0.056560,0.014065,-0.025250,-0.078515,0.315727,0.000000
91,0.910000,914,0.212637,0.041263,0.150249,0.068861,0.013715,0.016610,-0.091283,0.458308,0.000000
91,0.910000,915,-0.455170,-0.147485,0.529438,0.145851,0.030964,-0.061450,-0.058485,0.275482,0.000000
91,0.910000,916,-0.245811,-0.166205,0.554398,0.003222,0.139665,-0.030460,-0.251921,0.005811,0.000000
91,0.910000,917,-0.222741,0.065234,0.883430,0.066981,0.091075,0.015940,-0.103092,0.075820,0.000000
91,0.910000,918,-0.222581,0.065794,0.146095,-0.073129,0.091785,0.016790,-0.628257,-0.500555,0.000000
91,0.910000,919,0.215547,0.044033,-0.224819,-0.000119,-0.034925,0.020280,-0.155347,0.000528,0.000000
92,0.920000,920,0.426450,0.024933,-0.200474,-0.001529,-0.024685,0.051570,-0.123135,0.007628,0.000000
92,0.920000,921,0.423540,0.022163,0.174595,0.067451,0.023955,0.047900,-0.137203,0.386329,0.000000
92,0.920000,922,-0.018583,-0.168866,0.159138,0.077641,0.002715,-0.058260,-0.017058,0.487886,0.000000
92,0.920000,923,-0.215511,0.275634,0.537247,-0.014299,0.042785,-0.022250,-0.079637,-0.026616,0.000000
92,0.920000,924,-0.013053,0.041354,0.550911,-0.004749,0.052175,-0.097600,-0.094706,-0.008621,0.000000
92,0.920000,925,-0.223951,0.062644,0.520550,0.137071,0.041965,0.013420,-0.080617,0.263320,0.000000
92,0.920000,926,0.211067,-0.164157,0.483616,0.152291,-0.035985,0.061289,0.074409,0.314900,0.000000
92,0.920000,927,0.212637,0.041263,0.150249,0.068861,0.013715,0.016610,-0.091283,0.458308,0.000000
92,0.920000,928,0.420790,0.019953,-0.187672,-0.003680,0.073305,0.045080,0.390601,0.019607,0.000000
92,0.920000,929,0.427860,0.229793,0.203480,0.055151,0.024305,0.006040,-0.119446,0.271037,0.000000
93,0.930000,930,0.212797,0.041823,-0.587078,-0.071249,0.014425,0.017460,0.024570,0.121363,0.000000
93,0.930000,931,-0.008932,0.048904,0.532700,-0.003409,0.052675,0.050900,-0.098884,-0.006400,0.000000
93,0.930000,932,-0.241361,-0.163815,0.178707,0.075461,-0.007435,-0.026490,0.041606,0.422260,0.000000
93,0.930000,933,-0.427820,0.089874,0.108955,-0.069570,-0.016445,-0.008010,0.150935,-0.638514,0.000000
93,0.930000,934,0.195227,-0.185196,-0.191593,0.007251,-0.035685,-0.023300,-0.186254,-0.037847,0.000000
93,0.930000,935,0.208507,0.039763,-0.204231,-0.143069,-0.035295,0.012590,-0.172821,0.700526,0.000000
93,0.930000,936,0.423540,0.022163,0.174595,0.067451,0.023955,0.047900,-0.137203,0.386329,0.000000
93,0.930000,937,0.190937,-0.187256,0.191254,-0.064569,-0.085405,-0.028170,0.446555,-0.337607,0.000000
93,0.930000,938,-0.010142,0.046314,0.169819,0.066680,0.003565,0.048380,-0.020995,0.392656,0.000000
93,0.930000,939,-0.242901,-0.163435,0.179329,-0.065759,0.091025,-0.026790,-0.507589,-0.366693,0.000000
94,0.940000,940,-0.448140,-0.139355,0.142181,-0.062199,-0.017205,-0.051590,0.121009,-0.437460,0.000000
94,0.940000,941,-0.219831,0.068004,0.508362,-0.002000,0.042435,0.019610,-0.083473,-0.003934,0.000000
94,0.940000,942,0.192317,-0.187966,0.183475,0.076231,0.012955,-0.026970,-0.070610,0.415481,0.000000
94,0.940000,943,0.219867,0.251663,-0.195927,-0.012419,-0.034575,-0.021580,-0.176469,0.063387,0.000000
94,0.940000,944,0.192317,-0.187966,0.183475,0.076231,0.012955,-0.026970,-0.070610,0.415481,0.000000
94,0.940000,945,0.209887,0.039053,-0.212009,-0.002269,0.063065,0.013790,0.297463,0.010704,0.000000
94,0.940000,946,0.212637,0.041263,0.150249,0.068861,0.013715,0.016610,-0.091283,0.458308,0.000000
94,0.940000,947,-0.240151,-0.161225,0.541588,0.005371,0.041675,-0.023970,-0.076949,0.009917,0.000000
94,0.940000,948,-0.219831,0.068004,0.508362,-0.002000,0.042435,0.019610,-0.083473,-0.003934,0.000000
94,0.940000,949,-0.452260,-0.144715,0.154369,0.076870,-0.017675,-0.057780,0.114498,0.497964,0.000000
95,0.950000,950,-0.216721,0.273044,0.174366,0.055790,-0.006325,-0.024770,0.036276,0.319962,0.000000
95,0.950000,951,0.427860,0.229793,0.203480,0.055151,0.024305,0.006040,-0.119446,0.271037,0.000000
95,0.950000,952,0.219867,0.251663,-0.195927,-0.012419,-0.034575,-0.021580,-0.176469,0.063387,0.000000
95,0.950000,953,0.212637,0.041263,0.150249,0.068861,0.013715,0.016610,-0.091283,0.458308,0.000000
95,0.950000,954,-0.220881,0.065974,-0.591854,-0.072019,-0.005965,0.017940,-0.010078,0.121684,0.000000
95,0.950000,955,-0.242901,-0.163435,0.179329,-0.065759,0.091025,-0.026790,-0.507589,-0.366693,0.000000
95,0.950000,956,-0.462933,-0.156174,0.561157,0.003191,0.031525,0.007800,-0.056178,0.005686,0.000000
95,0.950000,957,-0.244111,-0.166025,-0.183552,0.004331,0.041915,-0.029310,0.228357,-0.023596,0.000000
95,0.950000,958,0.192317,-0.187966,0.183475,0.076231,0.012955,-0.026970,-0.070610,0.415481,0.000000
95,0.950000,959,0.216957,0.248893,0.179142,0.056560,0.014065,-0.025250,-0.078515,0.315727,0.000000
96,0.960000,960,0.216927,0.043323,-0.232601,0.140680,0.063435,0.021480,0.272720,-0.604813,0.000000
96,0.960000,961,0.212637,0.041263,0.150249,0.068861,0.013715,0.016610,-0.091283,0.458308,0.000000
96,0.960000,962,-0.240151,-0.161225,0.541588,0.005371,0.041675,-0.023970,-0.076949,0.009917,0.000000
96,0.960000,963,-0.244111,-0.166025,-0.183552,0.004331,0.041915,-0.029310,0.228357,-0.023596,0.000000
96,0.960000,964,-0.237041,0.043815,0.207592,0.063160,-0.007085,-0.068350,0.034131,0.304253,0.000000
96,0.960000,965,-0.245681,-0.371445,0.149815,0.087760,-0.007785,0.015370,0.051966,0.585794,0.000000
96,0.960000,966,0.212637,0.041263,0.150249,0.068861,0.013715,0.016610,-0.091283,0.458308,0.000000
96,0.960000,967,0.219867,0.251663,-0.195927,-0.012419,-0.034575,-0.021580,-0.176469,0.063387,0.000000
96,0.960000,968,0.189567,-0.190176,-0.178791,0.005101,0.062305,-0.029790,0.348479,-0.028529,0.000000
96,0.960000,969,0.423540,0.022163,0.174595,0.067451,0.023955,0.047900,-0.137203,0.386329,0.000000
97,0.970000,970,-0.238451,-0.161045,-0.196362,0.006481,-0.056076,-0.022820,-0.285573,-0.033004,0.000000
97,0.970000,971,-0.483253,-0.385405,0.594391,0.010561,0.030765,-0.035780,-0.051758,0.017768,0.000000
97,0.970000,972,-0.219831,0.068004,0.508362,-0.002000,0.042435,0.019610,-0.083473,-0.003934,0.000000
97,0.970000,973,-0.030462,-0.182915,0.203045,0.074050,0.002805,0.004800,-0.013816,0.364700,0.000000
97,0.970000,974,-0.005822,0.253944,0.198704,0.054380,0.003915,0.006520,-0.019704,0.273673,0.000000
97,0.970000,975,0.423540,0.022163,0.174595,0.067451,0.023955,0.047900,-0.137203,0.386329,0.000000
97,0.970000,976,0.423540,0.022163,0.174595,0.067451,0.023955,0.047900,-0.137203,0.386329,0.000000
97,0.970000,977,0.427860,0.229793,0.203480,0.055151,0.024305,0.006040,-0.119446,0.271037,0.000000
97,0.970000,978,0.167677,-0.624827,0.187817,0.095901,0.011845,-0.028690,-0.063067,0.510610,0.000000
97,0.970000,979,-0.241361,-0.163815,0.178707,0.075461,-0.007435,-0.026490,0.041606,0.422260,0.000000
98,0.980000,980,-0.247221,-0.371065,0.150429,-0.053459,0.090675,0.015070,-0.602779,-0.355379,0.000000
98,0.980000,981,-0.241361,-0.163815,0.178707,0.075461,-0.007435,-0.026490,0.041606,0.422260,0.000000
98,0.980000,982,0.216957,0.248893,0.179142,0.056560,0.014065,-0.025250,-0.078515,0.315727,0.000000
98,0.980000,983,0.423540,0.022163,0.174595,0.067451,0.023955,0.047900,-0.137203,0.386329,0.000000
98,0.980000,984,0.425110,0.227583,-0.158787,-0.015979,0.073655,0.003220,0.463859,0.100634,0.000000
98,0.980000,985,0.215547,0.044033,-0.224819,-0.000119,-0.034925,0.020280,-0.155347,0.000528,0.000000
98,0.980000,986,-0.241361,-0.163815,0.178707,0.075461,-0.007435,-0.026490,0.041606,0.422260,0.000000
98,0.980000,987,-0.248401,-0.168085,0.199295,-0.067489,-0.007805,-0.034180,0.039162,-0.338637,0.000000
98,0.980000,988,-0.241361,-0.163815,0.178707,0.075461,-0.007435,-0.026490,0.041606,0.422260,0.000000
98,0.980000,989,-0.238611,-0.161375,-0.203522,0.006061,0.140745,-0.021920,0.691549,-0.029781,0.000000
99,0.990000,990,0.008967,0.270763,-0.220264,-0.011010,-0.044816,-0.052870,-0.203462,0.049984,0.000000
99,0.990000,991,0.216957,0.248893,0.179142,0.056560,0.014065,-0.025250,-0.078515,0.315727,0.000000
99,0.990000,992,0.212637,0.041263,0.150249,0.068861,0.013715,0.016610,-0.091283,0.458308,0.000000
99,0.990000,993,0.192317,-0.187966,0.183475,0.076231,0.012955,-0.026970,-0.070610,0.415481,0.000000
99,0.990000,994,-0.012892,0.044104,-0.192448,-0.004449,0.052915,0.045560,0.274958,0.023120,0.000000
99,0.990000,995,-0.242901,-0.163435,0.179329,-0.065759,0.091025,-0.026790,-0.507589,-0.366693,0.000000
99,0.990000,996,-0.241361,-0.163815,0.178707,0.075461,-0.007435,-0.026490,0.041606,0.422260,0.000000
99,0.990000,997,-0.241361,-0.163815,0.178707,0.075461,-0.007435,-0.026490,0.041606,0.422260,0.000000
99,0.990000,998,0.006057,0.267993,0.154804,0.057971,0.003825,-0.056540,-0.024707,0.374476,0.000000
99,0.990000,999,0.423540,0.022163,0.174595,0.067451,0.023955,0.047900,-0.137203,0.386329,0.000000
100,1.000000,1000,0.216957,0.248893,0.179142,0.056560,0.014065,-0.025250,-0.078515,0.315727,0.000000
100,1.000000,1001,0.192317,-0.187966,0.183475,0.076231,0.012955,-0.026970,-0.070610,0.415481,0.000000
100,1.000000,1002,-0.013252,-0.158727,0.503807,0.008891,0.052325,0.092759,-0.103860,0.017648,0.000000
100,1.000000,1003,-0.451050,-0.142125,0.517250,0.006781,0.031435,-0.055260,-0.060773,0.013109,0.000000
100,1.000000,1004,-0.244471,-0.368855,0.512695,0.017671,0.041325,0.017890,-0.080603,0.034466,0.000000
100,1.000000,1005,-0.219801,0.273574,0.920095,-0.086119,-0.006935,-0.027120,0.007537,-0.093598,0.000000
100,1.000000,1006,-0.004612,0.256534,0.561584,-0.015710,0.053025,0.009040,-0.094421,-0.027974,0.000000
100,1.000000,1007,0.221081,0.256444,0.160931,0.057901,0.014565,0.123250,-0.090505,0.359788,0.000000
100,1.000000,1008,0.427860,0.229793,0.203480,0.055151,0.024305,0.006040,-0.119446,0.271037,0.000000
100,1.000000,1009,0.181651,-0.199426,0.590271,0.002551,0.062155,0.038610,-0.105299,0.004322,0.000000
101,1.010000,1010,-0.222581,0.065794,0.146095,-0.073129,0.091785,0.016790,-0.628257,-0.500555,0.000000
101,1.010000,1011,-0.267341,-0.398026,0.224751,0.080681,0.089795,-0.076560,-0.399530,0.358982,0.000000
101,1.010000,1012,-0.225361,-0.142216,0.116589,0.080390,-0.007025,0.058949,0.060257,0.689522,0.000000
101,1.010000,1013,-0.221041,0.065414,0.145481,0.068090,-0.006675,0.017090,0.045884,0.468033,0.000000
101,1.010000,1014,0.232957,0.270494,0.117016,0.061491,0.014474,0.060190,-0.123696,0.525489,0.000000
101,1.010000,1015,0.449880,0.459204,-0.567701,0.048892,-0.072685,0.050770,-0.128034,-0.086122,0.000000
101,1.010000,1016,0.427860,0.229793,0.203480,0.055151,0.024305,0.006040,-0.119446,0.271037,0.000000
101,1.010000,1017,-0.001702,0.259304,0.186516,-0.084689,0.004385,0.012710,-0.023510,-0.454059,0.000000
101,1.010000,1018,-0.242901,-0.163435,0.179329,-0.065759,0.091025,-0.026790,-0.507589,-0.366693,0.000000
101,1.010000,1019,-0.222741,0.065234,0.883430,0.066981,0.091075,0.015940,-0.103092,0.075820,0.000000
102,1.020000,1020,-0.244471,-0.368855,0.512695,0.017671,0.041325,0.017890,-0.080603,0.034466,0.000000
102,1.020000,1021,-0.015673,-0.166096,-0.215931,0.008661,-0.045926,-0.054590,-0.212687,-0.040109,0.000000
102,1.020000,1022,-0.014463,-0.163506,0.146950,-0.061429,0.003184,-0.052070,-0.021669,-0.418027,0.000000
102,1.020000,1023,0.212637,0.041263,0.150249,0.068861,0.013715,0.016610,-0.091283,0.458308,0.000000
102,1.020000,1024,0.212637,0.041263,0.150249,0.068861,0.013715,0.016610,-0.091283,0.458308,0.000000
102,1.020000,1025,0.214207,0.246683,-0.183125,-0.014569,0.063415,-0.028070,0.346295,0.079557,0.000000
102,1.020000,1026,-0.221041,0.065414,0.145481,0.068090,-0.006675,0.017090,0.045884,0.468033,0.000000
102,1.020000,1027,-0.237241,-0.158455,0.166519,-0.063609,-0.006966,-0.020300,0.041831,-0.381993,0.000000
102,1.020000,1028,-0.245681,-0.371445,0.149815,0.087760,-0.007785,0.015370,0.051966,0.585794,0.000000
102,1.020000,1029,-0.245681,-0.371445,0.149815,0.087760,-0.007785,0.015370,0.051966,0.585794,0.000000
103,1.030000,1030,-0.221041,0.065414,0.145481,0.068090,-0.006675,0.017090,0.045884,0.468033,0.000000
103,1.030000,1031,0.199547,0.022434,-0.162701,-0.005049,-0.035335,-0.065160,-0.217178,0.031034,0.000000
103,1.030000,1032,0.212637,0.041263,0.150249,0.068861,0.013715,0.016610,-0.091283,0.458308,0.000000
103,1.030000,1033,0.216957,0.248893,0.179142,0.056560,0.014065,-0.025250,-0.078515,0.315727,0.000000
103,1.030000,1034,-0.010142,0.046314,0.169819,0.066680,0.003565,0.048380,-0.020995,0.392656,0.000000
103,1.030000,1035,-0.240151,-0.161225,0.541588,0.005371,0.041675,-0.023970,-0.076949,0.009917,0.000000
103,1.030000,1036,-0.244471,-0.368855,0.512695,0.017671,0.041325,0.017890,-0.080603,0.034466,0.000000
103,1.030000,1037,-0.241361,-0.163815,0.178707,0.075461,-0.007435,-0.026490,0.041606,0.422260,0.000000
103,1.030000,1038,0.195227,-0.185196,-0.191593,0.007251,-0.035685,-0.023300,-0.186254,-0.037847,0.000000
103,1.030000,1039,0.218657,0.249073,-0.558805,0.057671,-0.083685,-0.024100,-0.149757,-0.103204,0.000000
104,1.040000,1040,0.443860,0.251394,0.141361,0.060081,0.024715,0.091480,-0.174835,0.425018,0.000000
104,1.040000,1041,0.216957,0.248893,0.179142,0.056560,0.014065,-0.025250,-0.078515,0.315727,0.000000
104,1.040000,1042,-0.024932,0.027305,0.594810,-0.008339,0.052265,-0.034540,-0.087869,-0.014019,0.000000
104,1.040000,1043,-0.455170,-0.147485,0.529438,0.145851,0.030964,-0.061450,-0.058485,0.275482,0.000000
104,1.040000,1044,-0.245681,-0.371445,0.149815,0.087760,-0.007785,0.015370,0.051966,0.585794,0.000000
104,1.040000,1045,0.001737,0.060363,0.125912,0.070270,0.003475,-0.014680,-0.027596,0.558090,0.000000
104,1.040000,1046,0.196637,0.019664,0.212368,0.063931,0.013305,-0.068830,-0.062652,0.301039,0.000000
104,1.040000,1047,0.195227,-0.185196,-0.191593,0.007251,-0.035685,-0.023300,-0.186254,-0.037847,0.000000
104,1.040000,1048,0.426450,0.024933,-0.200474,-0.001529,-0.024685,0.051570,-0.123135,0.007628,0.000000
104,1.040000,1049,0.212667,0.246833,0.561991,-0.015260,-0.035655,-0.030120,0.063444,-0.027153,0.000000
105,1.050000,1050,-0.200721,0.294645,0.112247,0.060720,-0.005915,0.060670,0.052698,0.540947,0.000000
105,1.050000,1051,-0.467253,-0.363805,0.532265,0.015491,0.031175,0.049660,-0.058570,0.029103,0.000000
105,1.050000,1052,-0.453800,-0.144335,0.154991,-0.064349,0.080785,-0.058080,-0.521222,-0.415180,0.000000
105,1.050000,1053,-0.241361,-0.163815,0.178707,0.075461,-0.007435,-0.026490,0.041606,0.422260,0.000000
105,1.050000,1054,-0.010142,0.046314,0.169819,0.066680,0.003565,0.048380,-0.020995,0.392656,0.000000
105,1.050000,1055,0.216957,0.248893,0.179142,0.056560,0.014065,-0.025250,-0.078515,0.315727,0.000000
105,1.050000,1056,0.212637,0.041263,0.150249,0.068861,0.013715,0.016610,-0.091283,0.458308,0.000000
105,1.050000,1057,0.212637,0.041263,0.150249,0.068861,0.013715,0.016610,-0.091283,0.458308,0.000000
105,1.050000,1058,-0.221041,0.065414,0.145481,0.068090,-0.006675,0.017090,0.045884,0.468033,0.000000
105,1.050000,1059,-0.242901,-0.163435,0.179329,-0.065759,0.091025,-0.026790,-0.507589,-0.366693,0.000000
106,1.060000,1060,-0.442613,0.073054,0.527931,-0.004179,0.032285,0.051380,-0.061153,-0.007916,0.000000
106,1.060000,1061,-0.209162,0.079463,0.101574,0.071681,-0.006765,-0.045970,0.066601,0.705698,0.000000
106,1.060000,1062,0.215547,0.044033,-0.224819,-0.000119,-0.034925,0.020280,-0.155347,0.000528,0.000000
106,1.060000,1063,0.212637,0.041263,0.150249,0.068861,0.013715,0.016610,-0.091283,0.458308,0.000000
106,1.060000,1064,0.216957,0.248893,0.179142,0.056560,0.014065,-0.025250,-0.078515,0.315727,0.000000
106,1.060000,1065,0.423540,0.022163,0.174595,0.067451,0.023955,0.047900,-0.137203,0.386329,0.000000
106,1.060000,1066,-0.008932,0.048904,0.532700,-0.003409,0.052675,0.050900,-0.098884,-0.006400,0.000000
106,1.060000,1067,-0.240151,-0.161225,0.541588,0.005371,0.041675,-0.023970,-0.076949,0.009917,0.000000
106,1.060000,1068,-0.241361,-0.163815,0.178707,0.075461,-0.007435,-0.026490,0.041606,0.422260,0.000000
106,1.060000,1069,0.001737,0.060363,0.125912,0.070270,0.003475,-0.014680,-0.027596,0.558090,0.000000
107,1.070000,1070,0.208317,-0.166367,0.121357,0.081161,0.013365,0.058470,-0.110132,0.668779,0.000000
107,1.070000,1071,0.215547,0.044033,-0.224819,-0.000119,-0.034925,0.020280,-0.155347,0.000528,0.000000
107,1.070000,1072,0.235867,0.273264,-0.258053,-0.007489,-0.034166,0.063860,-0.132399,0.029020,0.000000
107,1.070000,1073,0.006057,0.267993,0.154804,0.057971,0.003825,-0.056540,-0.024707,0.374476,0.000000
107,1.070000,1074,-0.224121,0.065944,0.891211,-0.073820,-0.007285,0.014740,0.008174,-0.082831,0.000000
107,1.070000,1075,-0.458613,0.051456,0.590050,-0.009109,0.031875,-0.034060,-0.054020,-0.015437,0.000000
107,1.070000,1076,-0.241361,-0.163815,0.178707,0.075461,-0.007435,-0.026490,0.041606,0.422260,0.000000
107,1.070000,1077,-0.014293,-0.166806,-0.223713,0.149461,0.052434,-0.053390,0.234383,-0.668092,0.000000
107,1.070000,1078,0.192317,-0.187966,0.183475,0.076231,0.012955,-0.026970,-0.070610,0.415481,0.000000
107,1.070000,1079,0.219867,0.251663,-0.195927,-0.012419,-0.034575,-0.021580,-0.176469,0.063387,0.000000
108,1.080000,1080,0.208347,0.039203,0.533098,-0.002959,-0.036005,0.011740,0.067539,-0.005551,0.000000
108,1.080000,1081,0.237277,0.478124,0.145908,0.049190,0.014824,0.018330,-0.101601,0.337130,0.000000
108,1.080000,1082,-0.219831,0.068004,0.508362,-0.002000,0.042435,0.019610,-0.083473,-0.003934,0.000000
108,1.080000,1083,-0.226701,0.060434,0.158283,0.065940,0.091315,0.010600,-0.576908,0.416597,0.000000
108,1.080000,1084,-0.222581,0.065794,0.146095,-0.073129,0.091785,0.016790,-0.628257,-0.500555,0.000000
108,1.080000,1085,-0.243061,-0.163995,0.916656,0.074351,0.090315,-0.027640,-0.098526,0.081111,0.000000
108,1.080000,1086,0.001737,0.060363,0.125912,0.070270,0.003475,-0.014680,-0.027596,0.558090,0.000000
108,1.080000,1087,0.403220,-0.207066,0.207821,0.074821,0.023195,0.004320,-0.111610,0.360026,0.000000
108,1.080000,1088,0.221247,0.250953,-0.203709,0.128380,0.063785,-0.020380,0.313119,-0.630213,0.000000
108,1.080000,1089,0.235867,0.273264,-0.258053,-0.007489,-0.034166,0.063860,-0.132399,0.029020,0.000000
109,1.090000,1090,-0.224151,-0.139626,0.479469,0.010301,0.042085,0.061469,-0.087773,0.021483,0.000000
109,1.090000,1091,-0.462933,-0.156174,0.561157,0.003191,0.031525,0.007800,-0.056178,0.005686,0.000000
109,1.090000,1092,-0.467053,-0.161534,0.573345,0.142261,0.031055,0.001610,-0.054165,0.248125,0.000000
109,1.090000,1093,-0.223951,0.062644,0.520550,0.137071,0.041965,0.013420,-0.080617,0.263320,0.000000
109,1.090000,1094,0.001737,0.060363,0.125912,0.070270,0.003475,-0.014680,-0.027596,0.558090,0.000000
109,1.090000,1095,0.419220,-0.185467,0.145702,0.079751,0.023605,0.089760,-0.162007,0.547352,0.000000
109,1.090000,1096,0.426450,0.024933,-0.200474,-0.001529,-0.024685,0.051570,-0.123135,0.007628,0.000000
109,1.090000,1097,-0.010142,0.046314,0.169819,0.066680,0.003565,0.048380,-0.020995,0.392656,0.000000
109,1.090000,1098,-0.221041,0.065414,0.145481,0.068090,-0.006675,0.017090,0.045884,0.468033,0.000000
109,1.090000,1099,-0.237241,-0.158455,0.166519,-0.063609,-0.006966,-0.020300,0.041831,-0.381993,0.000000
110,1.100000,1100,-0.433480,0.084894,0.121758,-0.071719,0.081545,-0.014500,-0.669732,-0.589033,0.000000
110,1.100000,1101,0.006217,0.268553,-0.582531,-0.082139,0.004535,-0.055690,0.007785,0.141003,0.000000
110,1.100000,1102,0.217117,0.249453,-0.558193,-0.083549,0.014775,-0.024400,0.026469,0.149678,0.000000
110,1.100000,1103,0.418009,-0.190243,-0.211163,0.009431,-0.025535,-0.055070,-0.120926,-0.044664,0.000000
110,1.100000,1104,0.213847,0.043853,0.513130,-0.001229,0.062825,0.019130,-0.122435,-0.002396,0.000000
110,1.100000,1105,0.213847,0.043853,0.513130,-0.001229,0.062825,0.019130,-0.122435,-0.002396,0.000000
110,1.100000,1106,-0.435050,-0.120526,0.455132,0.011710,0.031845,0.030179,-0.069969,0.025729,0.000000
110,1.100000,1107,-0.436230,0.082454,0.503992,-0.002319,-0.066635,-0.019070,0.132215,-0.004602,0.000000
110,1.100000,1108,-0.225361,-0.142216,0.116589,0.080390,-0.007025,0.058949,0.060257,0.689522,0.000000
110,1.100000,1109,-0.030462,-0.182915,0.203045,0.074050,0.002805,0.004800,-0.013816,0.364700,0.000000
111,1.110000,1110,0.188357,-0.192766,-0.541670,0.075191,0.013195,-0.032310,0.024360,-0.138813,0.000000
111,1.110000,1111,0.199547,0.022434,-0.162701,-0.005049,-0.035335,-0.065160,-0.217178,0.031034,0.000000
111,1.110000,1112,0.420790,0.019953,-0.187672,-0.003680,0.073305,0.045080,0.390601,0.019607,0.000000
111,1.110000,1113,-0.427620,0.292144,0.150028,0.057201,-0.016565,-0.056060,0.110412,0.381268,0.000000
111,1.110000,1114,-0.221041,0.065414,0.145481,0.068090,-0.006675,0.017090,0.045884,0.468033,0.000000
111,1.110000,1115,-0.241361,-0.163815,0.178707,0.075461,-0.007435,-0.026490,0.041606,0.422260,0.000000
111,1.110000,1116,-0.218261,0.273424,0.174980,-0.085429,0.092135,-0.025070,-0.526548,-0.488222,0.000000
111,1.110000,1117,-0.216721,0.273044,0.174366,0.055790,-0.006325,-0.024770,0.036276,0.319962,0.000000
111,1.110000,1118,-0.010142,0.046314,0.169819,0.066680,0.003565,0.048380,-0.020995,0.392656,0.000000
111,1.110000,1119,0.406130,-0.204296,-0.167248,0.005841,-0.025445,0.007990,-0.152142,-0.034923,0.000000
112,1.120000,1120,0.212637,0.041263,0.150249,0.068861,0.013715,0.016610,-0.091283,0.458308,0.000000
112,1.120000,1121,-0.218131,0.068184,-0.229588,-0.000889,-0.055315,0.020760,-0.240934,0.003873,0.000000
112,1.120000,1122,-0.215511,0.275634,0.537247,-0.014299,0.042785,-0.022250,-0.079637,-0.026616,0.000000
112,1.120000,1123,-0.461523,0.048686,0.965118,0.059871,0.080515,-0.037730,-0.083425,0.062035,0.000000
112,1.120000,1124,-0.221041,0.065414,0.145481,0.068090,-0.006675,0.017090,0.045884,0.468033,0.000000
112,1.120000,1125,0.199547,0.022434,-0.162701,-0.005049,-0.035335,-0.065160,-0.217178,0.031034,0.000000
112,1.120000,1126,0.403220,-0.207066,0.207821,0.074821,0.023195,0.004320,-0.111610,0.360026,0.000000
112,1.120000,1127,0.426450,0.024933,-0.200474,-0.001529,-0.024685,0.051570,-0.123135,0.007628,0.000000
112,1.120000,1128,0.215547,0.044033,-0.224819,-0.000119,-0.034925,0.020280,-0.155347,0.000528,0.000000
112,1.120000,1129,-0.018753,-0.165566,0.529797,-0.133249,-0.046535,-0.056940,0.087837,-0.251509,0.000000
113,1.130000,1130,-0.221041,0.065414,0.145481,0.068090,-0.006675,0.017090,0.045884,0.468033,0.000000
113,1.130000,1131,-0.452260,-0.144715,0.154369,0.076870,-0.017675,-0.057780,0.114498,0.497964,0.000000
113,1.130000,1132,-0.446573,0.068254,-0.197208,-0.005219,0.032526,0.046040,0.164930,0.026464,0.000000
113,1.130000,1133,-0.221041,0.065414,0.145481,0.068090,-0.006675,0.017090,0.045884,0.468033,0.000000
113,1.130000,1134,0.200761,0.027213,0.194164,0.065271,0.013805,0.079670,-0.071099,0.336163,0.000000
113,1.130000,1135,0.212637,0.041263,0.150249,0.068861,0.013715,0.016610,-0.091283,0.458308,0.000000
113,1.130000,1136,0.213847,0.043853,0.513130,-0.001229,0.062825,0.019130,-0.122435,-0.002396,0.000000
113,1.130000,1137,-0.030462,-0.182915,0.203045,0.074050,0.002805,0.004800,-0.013816,0.364700,0.000000
113,1.130000,1138,-0.235831,0.046405,0.570473,-0.006929,0.042025,-0.065830,-0.073666,-0.012147,0.000000
113,1.130000,1139,-0.449510,-0.142275,-0.227859,0.007471,0.130505,-0.053210,0.572742,-0.032786,0.000000
114,1.140000,1140,-0.222741,0.065234,0.883430,0.066981,0.091075,0.015940,-0.103092,0.075820,0.000000
114,1.140000,1141,-0.215511,0.275634,0.537247,-0.014299,0.042785,-0.022250,-0.079637,-0.026616,0.000000
114,1.140000,1142,0.209887,0.039053,-0.212009,-0.002269,0.063065,0.013790,0.297463,0.010704,0.000000
114,1.140000,1143,0.212637,0.041263,0.150249,0.068861,0.013715,0.016610,-0.091283,0.458308,0.000000
114,1.140000,1144,0.423540,0.022163,0.174595,0.067451,0.023955,0.047900,-0.137203,0.386329,0.000000
114,1.140000,1145,-0.027552,-0.180145,-0.172024,0.005071,-0.045835,0.008470,-0.266446,-0.029479,0.000000
114,1.140000,1146,-0.452260,-0.144715,0.154369,0.076870,-0.017675,-0.057780,0.114498,0.497964,0.000000
114,1.140000,1147,-0.240151,-0.161225,0.541588,0.005371,0.041675,-0.023970,-0.076949,0.009917,0.000000
114,1.140000,1148,-0.449483,0.065484,0.177860,0.063761,0.081165,0.042370,-0.456340,0.358491,0.000000
114,1.140000,1149,0.002947,0.062953,0.488792,0.000180,0.052585,-0.012160,-0.107581,0.000369,0.000000
115,1.150000,1150,0.199517,-0.183136,-0.574444,0.079071,0.014035,-0.018430,0.024432,-0.137648,0.000000
115,1.150000,1151,0.426450,0.024933,-0.200474,-0.001529,-0.024685,0.051570,-0.123135,0.007628,0.000000
115,1.150000,1152,0.212637,0.041263,0.150249,0.068861,0.013715,0.016610,-0.091283,0.458308,0.000000
115,1.150000,1153,0.214007,0.044413,-0.224197,-0.141339,0.063535,0.019980,0.283388,0.630423,0.000000
115,1.150000,1154,-0.219831,0.068004,0.508362,-0.002000,0.042435,0.019610,-0.083473,-0.003934,0.000000
115,1.150000,1155,-0.242901,-0.163435,0.179329,-0.065759,0.091025,-0.026790,-0.507589,-0.366693,0.000000
115,1.150000,1156,-0.242901,-0.163435,0.179329,-0.065759,0.091025,-0.026790,-0.507589,-0.366693,0.000000
115,1.150000,1157,0.192317,-0.187966,0.183475,0.076231,0.012955,-0.026970,-0.070610,0.415481,0.000000
115,1.150000,1158,0.216957,0.248893,0.179142,0.056560,0.014065,-0.025250,-0.078515,0.315727,0.000000
115,1.150000,1159,0.215547,0.044033,-0.224819,-0.000119,-0.034925,0.020280,-0.155347,0.000528,0.000000
116,1.160000,1160,0.415099,-0.193013,0.163906,0.078411,0.023105,-0.058740,-0.140966,0.478387,0.000000
116,1.160000,1161,0.004647,0.063133,-0.249157,0.001291,-0.045166,-0.011010,-0.181273,-0.005181,0.000000
116,1.160000,1162,-0.265971,-0.395106,0.594790,0.011011,-0.057915,-0.074940,0.097371,0.018513,0.000000
116,1.160000,1163,-0.240151,-0.161225,0.541588,0.005371,0.041675,-0.023970,-0.076949,0.009917,0.000000
116,1.160000,1164,-0.030462,-0.182915,0.203045,0.074050,0.002805,0.004800,-0.013816,0.364700,0.000000
116,1.160000,1165,-0.241361,-0.163815,0.178707,0.075461,-0.007435,-0.026490,0.041606,0.422260,0.000000
116,1.160000,1166,0.189567,-0.190176,-0.178791,0.005101,0.062305,-0.029790,0.348479,-0.028529,0.000000
116,1.160000,1167,0.211257,0.041973,0.158028,-0.071939,-0.084645,0.015410,0.535636,-0.455227,0.000000
116,1.160000,1168,0.212637,0.041263,0.150249,0.068861,0.013715,0.016610,-0.091283,0.458308,0.000000
116,1.160000,1169,-0.025813,-0.379266,0.505314,0.158921,0.051005,-0.020070,-0.100937,0.314499,0.000000
117,1.170000,1170,-0.244111,-0.166025,-0.183552,0.004331,0.041915,-0.029310,0.228357,-0.023596,0.000000
117,1.170000,1171,-0.222581,0.065794,0.146095,-0.073129,0.091785,0.016790,-0.628257,-0.500555,0.000000
117,1.170000,1172,-0.019923,0.033784,0.200840,0.063191,0.101055,-0.106610,-0.503160,0.314633,0.000000
117,1.170000,1173,-0.010142,0.046314,0.169819,0.066680,0.003565,0.048380,-0.020995,0.392656,0.000000
117,1.170000,1174,0.218167,0.251483,0.542023,-0.013530,0.063175,-0.022730,-0.116555,-0.024962,0.000000
117,1.170000,1175,0.448180,0.459024,0.170246,0.047781,0.025065,0.049620,-0.147228,0.280656,0.000000
117,1.170000,1176,0.213847,0.043853,0.513130,-0.001229,0.062825,0.019130,-0.122435,-0.002396,0.000000
117,1.170000,1177,-0.228804,0.056724,0.177200,-0.074569,-0.006115,0.086340,0.034509,-0.420816,0.000000
117,1.170000,1178,-0.240151,-0.161225,0.541588,0.005371,0.041675,-0.023970,-0.076949,0.009917,0.000000
117,1.170000,1179,-0.240151,-0.161225,0.541588,0.005371,0.041675,-0.023970,-0.076949,0.009917,0.000000
118,1.180000,1180,-0.020123,-0.168486,0.159752,-0.063579,0.101175,-0.058560,-0.633328,-0.397983,0.000000
118,1.180000,1181,0.219867,0.251663,-0.195927,-0.012419,-0.034575,-0.021580,-0.176469,0.063387,0.000000
118,1.180000,1182,0.215547,0.044033,-0.224819,-0.000119,-0.034925,0.020280,-0.155347,0.000528,0.000000
118,1.180000,1183,0.219867,0.251663,-0.195927,-0.012419,-0.034575,-0.021580,-0.176469,0.063387,0.000000
118,1.180000,1184,0.215547,0.044033,-0.224819,-0.000119,-0.034925,0.020280,-0.155347,0.000528,0.000000
118,1.180000,1185,0.005857,0.065723,0.113724,-0.068799,0.003944,-0.008490,-0.034684,-0.604966,0.000000
118,1.180000,1186,-0.030462,-0.182915,0.203045,0.074050,0.002805,0.004800,-0.013816,0.364700,0.000000
118,1.180000,1187,-0.443823,0.070464,0.165051,0.065911,-0.016825,0.048860,0.101940,0.399337,0.000000
118,1.180000,1188,-0.222581,0.065794,0.146095,-0.073129,0.091785,0.016790,-0.628257,-0.500555,0.000000
118,1.180000,1189,0.001737,0.060363,0.125912,0.070270,0.003475,-0.014680,-0.027596,0.558090,0.000000
119,1.190000,1190,0.216597,0.046063,0.875389,0.069901,0.013474,0.021950,-0.015393,0.079852,0.000000
119,1.190000,1191,0.232957,0.270494,0.117016,0.061491,0.014474,0.060190,-0.123696,0.525489,0.000000
119,1.190000,1192,0.216957,0.248893,0.179142,0.056560,0.014065,-0.025250,-0.078515,0.315727,0.000000
119,1.190000,1193,-0.218131,0.068184,-0.229588,-0.000889,-0.055315,0.020760,-0.240934,0.003873,0.000000
119,1.190000,1194,-0.240151,-0.161225,0.541588,0.005371,0.041675,-0.023970,-0.076949,0.009917,0.000000
119,1.190000,1195,-0.245811,-0.166205,0.554398,0.003222,0.139665,-0.030460,-0.251921,0.005811,0.000000
119,1.190000,1196,-0.223791,0.063204,-0.216785,-0.003039,0.042675,0.014270,0.196856,0.014018,0.000000
119,1.190000,1197,0.193527,-0.185376,0.546356,0.006141,0.062065,-0.024450,-0.113598,0.011239,0.000000
119,1.190000,1198,0.451090,0.461794,-0.204823,-0.021199,-0.023575,0.053290,-0.115101,0.103498,0.000000
119,1.190000,1199,0.215547,0.044033,-0.224819,-0.000119,-0.034925,0.020280,-0.155347,0.000528,0.000000
120,1.200000,1200,-0.010142,0.046314,0.169819,0.066680,0.003565,0.048380,-0.020995,0.392656,0.000000
120,1.200000,1201,-0.007232,0.049084,-0.205250,-0.002299,-0.045075,0.052050,-0.219610,0.011200,0.000000
120,1.200000,1202,-0.436230,0.082454,0.503992,-0.002319,-0.066635,-0.019070,0.132215,-0.004602,0.000000
120,1.200000,1203,-0.240151,-0.161225,0.541588,0.005371,0.041675,-0.023970,-0.076949,0.009917,0.000000
120,1.200000,1204,-0.241361,-0.163815,0.178707,0.075461,-0.007435,-0.026490,0.041606,0.422260,0.000000
120,1.200000,1205,-0.010142,0.046314,0.169819,0.066680,0.003565,0.048380,-0.020995,0.392656,0.000000
120,1.200000,1206,0.423540,0.022163,0.174595,0.067451,0.023955,0.047900,-0.137203,0.386329,0.000000
120,1.200000,1207,0.430770,0.232563,-0.171589,-0.013829,-0.024335,0.009710,-0.141824,0.080592,0.000000
120,1.200000,1208,0.212797,0.041823,-0.587078,-0.071249,0.014425,0.017460,0.024570,0.121363,0.000000
120,1.200000,1209,-0.002912,0.256714,-0.176365,-0.014599,-0.044725,0.010190,-0.253593,0.082779,0.000000
121,1.210000,1210,-0.242901,-0.163435,0.179329,-0.065759,0.091025,-0.026790,-0.507589,-0.366693,0.000000
121,1.210000,1211,-0.466893,-0.160975,-0.163990,0.002151,0.031765,0.002460,0.193704,-0.013117,0.000000
121,1.210000,1212,-0.464143,-0.158764,0.198277,0.073281,-0.017585,0.005280,0.088691,0.369589,0.000000
121,1.210000,1213,0.214207,0.246683,-0.183125,-0.014569,0.063415,-0.028070,0.346295,0.079557,0.000000
121,1.210000,1214,0.219867,0.251663,-0.195927,-0.012419,-0.034575,-0.021580,-0.176469,0.063387,0.000000
121,1.210000,1215,0.406330,-0.002026,-0.126173,0.132611,-0.025565,-0.040060,-0.202620,-1.051023,0.000000
121,1.210000,1216,0.234367,0.475354,0.520977,0.118171,0.063465,0.014660,-0.121819,0.226826,0.000000
121,1.210000,1217,-0.219831,0.068004,0.508362,-0.002000,0.042435,0.019610,-0.083473,-0.003934,0.000000
121,1.210000,1218,-0.219831,0.068004,0.508362,-0.002000,0.042435,0.019610,-0.083473,-0.003934,0.000000
121,1.210000,1219,-0.240151,-0.161225,0.541588,0.005371,0.041675,-0.023970,-0.076949,0.009917,0.000000
122,1.220000,1220,-0.238451,-0.161045,-0.196362,0.006481,-0.056076,-0.022820,-0.285573,-0.033004,0.000000
122,1.220000,1221,0.400470,-0.209276,-0.154438,0.003691,0.072545,0.001500,0.469733,-0.023901,0.000000
122,1.220000,1222,0.219867,0.251663,-0.195927,-0.012419,-0.034575,-0.021580,-0.176469,0.063387,0.000000
122,1.220000,1223,0.430770,0.232563,-0.171589,-0.013829,-0.024335,0.009710,-0.141824,0.080592,0.000000
122,1.220000,1224,0.430770,0.232563,-0.171589,-0.013829,-0.024335,0.009710,-0.141824,0.080592,0.000000
122,1.220000,1225,-0.014432,0.044254,0.552668,-0.005139,-0.046155,0.043510,0.083513,-0.009299,0.000000
122,1.220000,1226,-0.240151,-0.161225,0.541588,0.005371,0.041675,-0.023970,-0.076949,0.009917,0.000000
122,1.220000,1227,-0.451050,-0.142125,0.517250,0.006781,0.031435,-0.055260,-0.060773,0.013109,0.000000
122,1.220000,1228,-0.241361,-0.163815,0.178707,0.075461,-0.007435,-0.026490,0.041606,0.422260,0.000000
122,1.220000,1229,0.196637,0.019664,0.212368,0.063931,0.013305,-0.068830,-0.062652,0.301039,0.000000
123,1.230000,1230,0.215547,0.044033,-0.224819,-0.000119,-0.034925,0.020280,-0.155347,0.000528,0.000000
123,1.230000,1231,0.219867,0.251663,-0.195927,-0.012419,-0.034575,-0.021580,-0.176469,0.063387,0.000000
123,1.230000,1232,0.215547,0.044033,-0.224819,-0.000119,-0.034925,0.020280,-0.155347,0.000528,0.000000
123,1.230000,1233,-0.010142,0.046314,0.169819,0.066680,0.003565,0.048380,-0.020995,0.392656,0.000000
123,1.230000,1234,-0.240151,-0.161225,0.541588,0.005371,0.041675,-0.023970,-0.076949,0.009917,0.000000
123,1.230000,1235,-0.260471,-0.390456,0.574821,0.012741,0.040915,-0.067550,-0.071178,0.022165,0.000000
123,1.230000,1236,-0.266001,-0.600676,0.183048,0.095130,-0.008545,-0.028210,0.046684,0.519701,0.000000
123,1.230000,1237,0.212637,0.041263,0.150249,0.068861,0.013715,0.016610,-0.091283,0.458308,0.000000
123,1.230000,1238,0.430770,0.232563,-0.171589,-0.013829,-0.024335,0.009710,-0.141824,0.080592,0.000000
123,1.230000,1239,0.235867,0.273264,-0.258053,-0.007489,-0.034166,0.063860,-0.132399,0.029020,0.000000
124,1.240000,1240,0.208507,0.039763,-0.204231,-0.143069,-0.035295,0.012590,-0.172821,0.700526,0.000000
124,1.240000,1241,-0.008932,0.048904,0.532700,-0.003409,0.052675,0.050900,-0.098884,-0.006400,0.000000
124,1.240000,1242,-0.241361,-0.163815,0.178707,0.075461,-0.007435,-0.026490,0.041606,0.422260,0.000000
124,1.240000,1243,-0.458120,-0.351965,0.126091,-0.052049,0.080435,-0.016220,-0.637911,-0.412787,0.000000
124,1.240000,1244,-0.244471,-0.368855,0.512695,0.017671,0.041325,0.017890,-0.080603,0.034466,0.000000
124,1.240000,1245,-0.033212,-0.185125,-0.159214,0.002921,0.052155,0.001980,0.327578,-0.018344,0.000000
124,1.240000,1246,-0.005822,0.253944,0.198704,0.054380,0.003915,0.006520,-0.019704,0.273673,0.000000
124,1.240000,1247,0.215547,0.044033,-0.224819,-0.000119,-0.034925,0.020280,-0.155347,0.000528,0.000000
124,1.240000,1248,0.209887,0.039053,-0.212009,-0.002269,0.063065,0.013790,0.297463,0.010704,0.000000
124,1.240000,1249,-0.008932,0.048904,0.532700,-0.003409,0.052675,0.050900,-0.098884,-0.006400,0.000000
125,1.250000,1250,-0.241361,-0.163815,0.178707,0.075461,-0.007435,-0.026490,0.041606,0.422260,0.000000
125,1.250000,1251,-0.219831,0.068004,0.508362,-0.002000,0.042435,0.019610,-0.083473,-0.003934,0.000000
125,1.250000,1252,-0.244441,-0.163285,0.924437,-0.066449,-0.008045,-0.028840,0.008703,-0.071880,0.000000
125,1.250000,1253,0.184561,-0.196656,0.215202,-0.066429,0.013515,0.042280,-0.062799,-0.308682,0.000000
125,1.250000,1254,0.423700,0.022723,-0.562740,-0.072659,0.024664,0.048750,0.043829,0.129116,0.000000
125,1.250000,1255,0.407700,0.001124,-0.500622,-0.077589,0.024254,-0.036690,0.048448,0.154984,0.000000
125,1.250000,1256,0.019307,0.287384,-0.269581,-0.008229,0.053585,0.026080,0.198770,0.030524,0.000000
125,1.250000,1257,-0.239791,0.041605,-0.154667,-0.007969,0.042265,-0.071170,0.273267,0.051526,0.000000
125,1.250000,1258,-0.220881,0.065974,-0.591854,-0.072019,-0.005965,0.017940,-0.010078,0.121684,0.000000
125,1.250000,1259,-0.245681,-0.371445,0.149815,0.087760,-0.007785,0.015370,0.051966,0.585794,0.000000
126,1.260000,1260,-0.027552,-0.180145,-0.172024,0.005071,-0.045835,0.008470,-0.266446,-0.029479,0.000000
126,1.260000,1261,0.211257,0.041973,0.158028,-0.071939,-0.084645,0.015410,0.535636,-0.455227,0.000000
126,1.260000,1262,0.219837,0.046093,-0.607670,0.071701,0.014795,0.025150,0.024347,-0.117993,0.000000
126,1.260000,1263,-0.007232,0.049084,-0.205250,-0.002299,-0.045075,0.052050,-0.219610,0.011200,0.000000
126,1.260000,1264,-0.007232,0.049084,-0.205250,-0.002299,-0.045075,0.052050,-0.219610,0.011200,0.000000
126,1.260000,1265,-0.222581,0.065794,0.146095,-0.073129,0.091785,0.016790,-0.628257,-0.500555,0.000000
126,1.260000,1266,-0.437770,0.082834,0.504604,-0.143539,0.031825,-0.019370,-0.063068,-0.284458,0.000000
126,1.260000,1267,-0.221041,0.065414,0.145481,0.068090,-0.006675,0.017090,0.045884,0.468033,0.000000
126,1.260000,1268,-0.244111,-0.166025,-0.183552,0.004331,0.041915,-0.029310,0.228357,-0.023596,0.000000
126,1.260000,1269,-0.015673,-0.166096,-0.215931,0.008661,-0.045926,-0.054590,-0.212687,-0.040109,0.000000
127,1.270000,1270,-0.030302,-0.182355,-0.534283,-0.066059,0.003515,0.005650,0.006578,0.123640,0.000000
127,1.270000,1271,0.448180,0.459024,0.170246,0.047781,0.025065,0.049620,-0.147228,0.280656,0.000000
127,1.270000,1272,0.426450,0.024933,-0.200474,-0.001529,-0.024685,0.051570,-0.123135,0.007628,0.000000
127,1.270000,1273,-0.014462,-0.161317,0.140926,0.078981,0.003215,0.090239,-0.022816,0.560441,0.000000
127,1.270000,1274,-0.242901,-0.163435,0.179329,-0.065759,0.091025,-0.026790,-0.507589,-0.366693,0.000000
127,1.270000,1275,-0.430370,0.289934,-0.212238,-0.013930,0.032785,-0.058880,0.154472,0.065633,0.000000
127,1.270000,1276,-0.244111,-0.166025,-0.183552,0.004331,0.041915,-0.029310,0.228357,-0.023596,0.000000
127,1.270000,1277,-0.001013,0.058153,-0.236347,-0.000859,0.052825,-0.017500,0.223508,0.003634,0.000000
127,1.270000,1278,0.235867,0.273264,-0.258053,-0.007489,-0.034166,0.063860,-0.132399,0.029020,0.000000
127,1.270000,1279,0.212637,0.041263,0.150249,0.068861,0.013715,0.016610,-0.091283,0.458308,0.000000
128,1.280000,1280,0.215547,0.044033,-0.224819,-0.000119,-0.034925,0.020280,-0.155347,0.000528,0.000000
128,1.280000,1281,0.212637,0.041263,0.150249,0.068861,0.013715,0.016610,-0.091283,0.458308,0.000000
128,1.280000,1282,-0.241361,-0.163815,0.178707,0.075461,-0.007435,-0.026490,0.041606,0.422260,0.000000
128,1.280000,1283,-0.221041,0.065414,0.145481,0.068090,-0.006675,0.017090,0.045884,0.468033,0.000000
128,1.280000,1284,-0.237041,0.043815,0.207592,0.063160,-0.007085,-0.068350,0.034131,0.304253,0.000000
128,1.280000,1285,-0.010142,0.046314,0.169819,0.066680,0.003565,0.048380,-0.020995,0.392656,0.000000
128,1.280000,1286,0.196637,0.019664,0.212368,0.063931,0.013305,-0.068830,-0.062652,0.301039,0.000000
128,1.280000,1287,0.406130,-0.204296,-0.167248,0.005841,-0.025445,0.007990,-0.152142,-0.034923,0.000000
128,1.280000,1288,0.208347,0.039203,0.533098,-0.002959,-0.036005,0.011740,0.067539,-0.005551,0.000000
128,1.280000,1289,-0.222581,0.065794,0.146095,-0.073129,0.091785,0.016790,-0.628257,-0.500555,0.000000
129,1.290000,1290,-0.241361,-0.163815,0.178707,0.075461,-0.007435,-0.026490,0.041606,0.422260,0.000000
129,1.290000,1291,-0.244271,-0.166585,0.553776,0.144441,0.041205,-0.030160,-0.074407,0.260830,0.000000
129,1.290000,1292,-0.030462,-0.182915,0.203045,0.074050,0.002805,0.004800,-0.013816,0.364700,0.000000
129,1.290000,1293,0.212637,0.041263,0.150249,0.068861,0.013715,0.016610,-0.091283,0.458308,0.000000
129,1.290000,1294,0.438329,0.038986,-0.244389,0.002061,-0.024775,-0.011490,-0.101376,-0.008435,0.000000
129,1.290000,1295,0.426450,0.024933,-0.200474,-0.001529,-0.024685,0.051570,-0.123135,0.007628,0.000000
129,1.290000,1296,0.192317,-0.187966,0.183475,0.076231,0.012955,-0.026970,-0.070610,0.415481,0.000000
129,1.290000,1297,-0.238451,-0.161045,-0.196362,0.006481,-0.056076,-0.022820,-0.285573,-0.033004,0.000000
129,1.290000,1298,-0.442583,0.278625,0.939672,-0.088298,-0.017085,0.004650,0.018182,-0.093967,0.000000
129,1.290000,1299,-0.241361,-0.163815,0.178707,0.075461,-0.007435,-0.026490,0.041606,0.422260,0.000000
130,1.300000,1300,-0.014463,-0.163506,0.146950,-0.061429,0.003184,-0.052070,-0.021669,-0.418027,0.000000
130,1.300000,1301,0.192317,-0.187966,0.183475,0.076231,0.012955,-0.026970,-0.070610,0.415481,0.000000
130,1.300000,1302,0.435419,0.036216,0.130680,0.071041,0.023865,-0.015160,-0.182623,0.543622,0.000000
130,1.300000,1303,0.215547,0.044033,-0.224819,-0.000119,-0.034925,0.020280,-0.155347,0.000528,0.000000
130,1.300000,1304,-0.030462,-0.182915,0.203045,0.074050,0.002805,0.004800,-0.013816,0.364700,0.000000
130,1.300000,1305,-0.240151,-0.161225,0.541588,0.005371,0.041675,-0.023970,-0.076949,0.009917,0.000000
130,1.300000,1306,-0.219831,0.068004,0.508362,-0.002000,0.042435,0.019610,-0.083473,-0.003934,0.000000
130,1.300000,1307,-0.241361,-0.163815,0.178707,0.075461,-0.007435,-0.026490,0.041606,0.422260,0.000000
130,1.300000,1308,-0.240151,-0.161225,0.541588,0.005371,0.041675,-0.023970,-0.076949,0.009917,0.000000
130,1.300000,1309,0.216957,0.248893,0.179142,0.056560,0.014065,-0.025250,-0.078515,0.315727,0.000000
131,1.310000,1310,0.216957,0.248893,0.179142,0.056560,0.014065,-0.025250,-0.078515,0.315727,0.000000
131,1.310000,1311,0.212797,0.041823,-0.587078,-0.071249,0.014425,0.017460,0.024570,0.121363,0.000000
131,1.310000,1312,-0.222581,0.065794,0.146095,-0.073129,0.091785,0.016790,-0.628257,-0.500555,0.000000
131,1.310000,1313,-0.223951,0.062644,0.520550,0.137071,0.041965,0.013420,-0.080617,0.263320,0.000000
131,1.310000,1314,-0.430730,0.087104,0.484024,-0.000589,0.032195,-0.011680,-0.066515,-0.001218,0.000000
131,1.310000,1315,-0.240151,-0.161225,0.541588,0.005371,0.041675,-0.023970,-0.076949,0.009917,0.000000
131,1.310000,1316,-0.002583,-0.147267,0.097019,0.082571,0.003125,0.027179,-0.032207,0.851074,0.000000
131,1.310000,1317,0.209887,0.039053,-0.212009,-0.002269,0.063065,0.013790,0.297463,0.010704,0.000000
131,1.310000,1318,0.209887,0.039053,-0.212009,-0.002269,0.063065,0.013790,0.297463,0.010704,0.000000
131,1.310000,1319,0.195227,-0.185196,-0.191593,0.007251,-0.035685,-0.023300,-0.186254,-0.037847,0.000000
132,1.320000,1320,-0.010142,0.046314,0.169819,0.066680,0.003565,0.048380,-0.020995,0.392656,0.000000
132,1.320000,1321,-0.243061,-0.163995,0.916656,0.074351,0.090315,-0.027640,-0.098526,0.081111,0.000000
132,1.320000,1322,-0.455170,-0.147485,0.529438,0.145851,0.030964,-0.061450,-0.058485,0.275482,0.000000
132,1.320000,1323,-0.452260,-0.144715,0.154369,0.076870,-0.017675,-0.057780,0.114498,0.497964,0.000000
132,1.320000,1324,0.212637,0.041263,0.150249,0.068861,0.013715,0.016610,-0.091283,0.458308,0.000000
132,1.320000,1325,-0.010142,0.046314,0.169819,0.066680,0.003565,0.048380,-0.020995,0.392656,0.000000
132,1.320000,1326,0.423540,0.022163,0.174595,0.067451,0.023955,0.047900,-0.137203,0.386329,0.000000
132,1.320000,1327,0.403220,-0.207066,0.207821,0.074821,0.023195,0.004320,-0.111610,0.360026,0.000000
132,1.320000,1328,0.001737,0.060363,0.125912,0.070270,0.003475,-0.014680,-0.027596,0.558090,0.000000
132,1.320000,1329,-0.241361,-0.163815,0.178707,0.075461,-0.007435,-0.026490,0.041606,0.422260,0.000000
133,1.330000,1330,-0.027552,-0.180145,-0.172024,0.005071,-0.045835,0.008470,-0.266446,-0.029479,0.000000
133,1.330000,1331,-0.237241,-0.158455,0.166519,-0.063609,-0.006966,-0.020300,0.041831,-0.381993,0.000000
133,1.330000,1332,-0.007232,0.049084,-0.205250,-0.002299,-0.045075,0.052050,-0.219610,0.011200,0.000000
133,1.330000,1333,0.211427,0.038673,-0.212629,0.138951,-0.035395,0.014090,-0.166462,-0.653489,0.000000
133,1.330000,1334,0.212637,0.041263,0.150249,0.068861,0.013715,0.016610,-0.091283,0.458308,0.000000
133,1.330000,1335,0.219867,0.251663,-0.195927,-0.012419,-0.034575,-0.021580,-0.176469,0.063387,0.000000
133,1.330000,1336,-0.221041,0.065414,0.145481,0.068090,-0.006675,0.017090,0.045884,0.468033,0.000000
133,1.330000,1337,-0.241361,-0.163815,0.178707,0.075461,-0.007435,-0.026490,0.041606,0.422260,0.000000
133,1.330000,1338,-0.675043,-0.139664,0.173939,0.074691,-0.027825,-0.026010,0.159969,0.429411,0.000000
133,1.330000,1339,-0.241361,-0.163815,0.178707,0.075461,-0.007435,-0.026490,0.041606,0.422260,0.000000
134,1.340000,1340,-0.021493,-0.171636,0.534206,0.146621,0.051355,-0.061930,-0.096133,0.274466,0.000000
134,1.340000,1341,-0.001532,0.256004,-0.184147,0.126200,0.053635,0.011390,0.291263,-0.685321,0.000000
134,1.340000,1342,0.423540,0.022163,0.174595,0.067451,0.023955,0.047900,-0.137203,0.386329,0.000000
134,1.340000,1343,0.208317,-0.166367,0.121357,0.081161,0.013365,0.058470,-0.110132,0.668779,0.000000
134,1.340000,1344,-0.027682,0.025095,0.232552,-0.079469,0.101615,-0.037360,-0.436957,-0.341725,0.000000
134,1.340000,1345,-0.240151,-0.161225,0.541588,0.005371,0.041675,-0.023970,-0.076949,0.009917,0.000000
134,1.340000,1346,-0.240151,-0.161225,0.541588,0.005371,0.041675,-0.023970,-0.076949,0.009917,0.000000
134,1.340000,1347,-0.221041,0.065414,0.145481,0.068090,-0.006675,0.017090,0.045884,0.468033,0.000000
134,1.340000,1348,0.006057,0.267993,0.154804,0.057971,0.003825,-0.056540,-0.024707,0.374476,0.000000
134,1.340000,1349,0.008967,0.270763,-0.220264,-0.011010,-0.044816,-0.052870,-0.203462,0.049984,0.000000
135,1.350000,1350,0.215547,0.044033,-0.224819,-0.000119,-0.034925,0.020280,-0.155347,0.000528,0.000000
135,1.350000,1351,-0.014462,-0.161317,0.140926,0.078981,0.003215,0.090239,-0.022816,0.560441,0.000000
135,1.350000,1352,-0.013052,0.043544,0.544888,0.135661,0.052205,0.044710,-0.095808,0.248970,0.000000
135,1.350000,1353,-0.244471,-0.368855,0.512695,0.017671,0.041325,0.017890,-0.080603,0.034466,0.000000
135,1.350000,1354,-0.241361,-0.163815,0.178707,0.075461,-0.007435,-0.026490,0.041606,0.422260,0.000000
135,1.350000,1355,-0.238451,-0.161045,-0.196362,0.006481,-0.056076,-0.022820,-0.285573,-0.033004,0.000000
135,1.350000,1356,-0.030462,-0.182915,0.203045,0.074050,0.002805,0.004800,-0.013816,0.364700,0.000000
135,1.350000,1357,0.212637,0.041263,0.150249,0.068861,0.013715,0.016610,-0.091283,0.458308,0.000000
135,1.350000,1358,0.216957,0.248893,0.179142,0.056560,0.014065,-0.025250,-0.078515,0.315727,0.000000
135,1.350000,1359,0.212637,0.041263,0.150249,0.068861,0.013715,0.016610,-0.091283,0.458308,0.000000
136,1.360000,1360,-0.241361,-0.163815,0.178707,0.075461,-0.007435,-0.026490,0.041606,0.422260,0.000000
136,1.360000,1361,-0.241361,-0.163815,0.178707,0.075461,-0.007435,-0.026490,0.041606,0.422260,0.000000
136,1.360000,1362,-0.467253,-0.363805,0.532265,0.015491,0.031175,0.049660,-0.058570,0.029103,0.000000
136,1.360000,1363,-0.240151,-0.161225,0.541588,0.005371,0.041675,-0.023970,-0.076949,0.009917,0.000000
136,1.360000,1364,-0.439503,0.278095,0.193943,0.053611,-0.016475,0.007000,0.084949,0.276428,0.000000
136,1.360000,1365,0.219867,0.251663,-0.195927,-0.012419,-0.034575,-0.021580,-0.176469,0.063387,0.000000
136,1.360000,1366,0.202172,0.232074,0.598125,0.121951,0.062794,0.034140,-0.104985,0.203888,0.000000
136,1.360000,1367,-0.005822,0.253944,0.198704,0.054380,0.003915,0.006520,-0.019704,0.273673,0.000000
136,1.360000,1368,0.004647,0.063133,-0.249157,0.001291,-0.045166,-0.011010,-0.181273,-0.005181,0.000000
136,1.360000,1369,-0.244111,-0.166025,-0.183552,0.004331,0.041915,-0.029310,0.228357,-0.023596,0.000000
137,1.370000,1370,-0.235861,-0.159165,0.158737,0.077191,0.091394,-0.019100,-0.575759,0.486281,0.000000
137,1.370000,1371,-0.240151,-0.161225,0.541588,0.005371,0.041675,-0.023970,-0.076949,0.009917,0.000000
137,1.370000,1372,0.001737,0.060363,0.125912,0.070270,0.003475,-0.014680,-0.027596,0.558090,0.000000
137,1.370000,1373,0.426450,0.024933,-0.200474,-0.001529,-0.024685,0.051570,-0.123135,0.007628,0.000000
137,1.370000,1374,0.426450,0.024933,-0.200474,-0.001529,-0.024685,0.051570,-0.123135,0.007628,0.000000
137,1.370000,1375,0.208317,-0.166367,0.121357,0.081161,0.013365,0.058470,-0.110132,0.668779,0.000000
137,1.370000,1376,-0.221041,0.065414,0.145481,0.068090,-0.006675,0.017090,0.045884,0.468033,0.000000
137,1.370000,1377,-0.245681,-0.371445,0.149815,0.087760,-0.007785,0.015370,0.051966,0.585794,0.000000
137,1.370000,1378,-0.241361,-0.163815,0.178707,0.075461,-0.007435,-0.026490,0.041606,0.422260,0.000000
137,1.370000,1379,-0.001013,0.058153,-0.236347,-0.000859,0.052825,-0.017500,0.223508,0.003634,0.000000
138,1.380000,1380,0.193527,-0.185376,0.546356,0.006141,0.062065,-0.024450,-0.113598,0.011239,0.000000
138,1.380000,1381,-0.005822,0.253944,0.198704,0.054380,0.003915,0.006520,-0.019704,0.273673,0.000000
138,1.380000,1382,0.215547,0.044033,-0.224819,-0.000119,-0.034925,0.020280,-0.155347,0.000528,0.000000
138,1.380000,1383,0.216957,0.248893,0.179142,0.056560,0.014065,-0.025250,-0.078515,0.315727,0.000000
138,1.380000,1384,-0.014432,0.044254,0.552668,-0.005139,-0.046155,0.043510,0.083513,-0.009299,0.000000
138,1.380000,1385,-0.461233,-0.155994,-0.176792,0.004301,-0.066226,0.008950,-0.374595,-0.024326,0.000000
138,1.380000,1386,-0.245681,-0.371445,0.149815,0.087760,-0.007785,0.015370,0.051966,0.585794,0.000000
138,1.380000,1387,-0.244471,-0.368855,0.512695,0.017671,0.041325,0.017890,-0.080603,0.034466,0.000000
138,1.380000,1388,-0.018583,-0.168866,0.159138,0.077641,0.002715,-0.058260,-0.017058,0.487886,0.000000
138,1.380000,1389,0.200757,0.025024,0.200180,-0.075139,0.013775,-0.062640,-0.068812,-0.375357,0.000000
139,1.390000,1390,0.219867,0.251663,-0.195927,-0.012419,-0.034575,-0.021580,-0.176469,0.063387,0.000000
139,1.390000,1391,0.425110,0.227583,-0.158787,-0.015979,0.073655,0.003220,0.463859,0.100634,0.000000
139,1.390000,1392,-0.010142,0.046314,0.169819,0.066680,0.003565,0.048380,-0.020995,0.392656,0.000000
139,1.390000,1393,-0.228111,-0.144426,-0.245670,0.009261,0.042325,0.056129,0.172286,-0.037695,0.000000
139,1.390000,1394,-0.240151,-0.161225,0.541588,0.005371,0.041675,-0.023970,-0.076949,0.009917,0.000000
139,1.390000,1395,-0.241361,-0.163815,0.178707,0.075461,-0.007435,-0.026490,0.041606,0.422260,0.000000
139,1.390000,1396,-0.240151,-0.161225,0.541588,0.005371,0.041675,-0.023970,-0.076949,0.009917,0.000000
139,1.390000,1397,0.195227,-0.185196,-0.191593,0.007251,-0.035685,-0.023300,-0.186254,-0.037847,0.000000
139,1.390000,1398,0.212637,0.041263,0.150249,0.068861,0.013715,0.016610,-0.091283,0.458308,0.000000
139,1.390000,1399,0.010178,0.275545,0.136585,0.059310,0.004324,0.091960,-0.031661,0.434238,0.000000
140,1.400000,1400,-0.027552,-0.180145,-0.172024,0.005071,-0.045835,0.008470,-0.266446,-0.029479,0.000000
140,1.400000,1401,-0.240151,-0.161225,0.541588,0.005371,0.041675,-0.023970,-0.076949,0.009917,0.000000
140,1.400000,1402,-0.242901,-0.163435,0.179329,-0.065759,0.091025,-0.026790,-0.507589,-0.366693,0.000000
140,1.400000,1403,-0.241561,-0.366085,0.137627,-0.051309,-0.007316,0.021560,0.053156,-0.372810,0.000000
140,1.400000,1404,0.187997,-0.395596,0.154583,0.088531,0.012605,0.014890,-0.081543,0.572709,0.000000
140,1.400000,1405,0.215547,0.044033,-0.224819,-0.000119,-0.034925,0.020280,-0.155347,0.000528,0.000000
140,1.400000,1406,0.219867,0.251663,-0.195927,-0.012419,-0.034575,-0.021580,-0.176469,0.063387,0.000000
140,1.400000,1407,0.199547,0.022434,-0.162701,-0.005049,-0.035335,-0.065160,-0.217178,0.031034,0.000000
140,1.400000,1408,-0.009982,0.046874,-0.567516,-0.073430,0.004275,0.049230,0.007533,0.129388,0.000000
140,1.400000,1409,-0.241361,-0.163815,0.178707,0.075461,-0.007435,-0.026490,0.041606,0.422260,0.000000
141,1.410000,1410,-0.033212,-0.185125,-0.159214,0.002921,0.052155,0.001980,0.327578,-0.018344,0.000000
141,1.410000,1411,-0.240151,-0.161225,0.541588,0.005371,0.041675,-0.023970,-0.076949,0.009917,0.000000
141,1.410000,1412,0.190907,-0.392826,-0.220486,0.019551,-0.036035,0.018560,-0.163435,-0.088672,0.000000
141,1.410000,1413,0.215547,0.044033,-0.224819,-0.000119,-0.034925,0.020280,-0.155347,0.000528,0.000000
141,1.410000,1414,0.215547,0.044033,-0.224819,-0.000119,-0.034925,0.020280,-0.155347,0.000528,0.000000
141,1.410000,1415,0.215547,0.044033,-0.224819,-0.000119,-0.034925,0.020280,-0.155347,0.000528,0.000000
141,1.410000,1416,-0.009982,0.046874,-0.567516,-0.073430,0.004275,0.049230,0.007533,0.129388,0.000000
141,1.410000,1417,-0.220881,0.065974,-0.591854,-0.072019,-0.005965,0.017940,-0.010078,0.121684,0.000000
141,1.410000,1418,-0.240151,-0.161225,0.541588,0.005371,0.041675,-0.023970,-0.076949,0.009917,0.000000
141,1.410000,1419,-0.238451,-0.161045,-0.196362,0.006481,-0.056076,-0.022820,-0.285573,-0.033004,0.000000
142,1.420000,1420,0.187997,-0.395596,0.154583,0.088531,0.012605,0.014890,-0.081543,0.572709,0.000000
142,1.420000,1421,0.216957,0.248893,0.179142,0.056560,0.014065,-0.025250,-0.078515,0.315727,0.000000
142,1.420000,1422,0.646322,0.017116,0.155025,0.069631,0.034105,0.016130,-0.219995,0.449159,0.000000
142,1.420000,1423,-0.010142,0.046314,0.169819,0.066680,0.003565,0.048380,-0.020995,0.392656,0.000000
142,1.420000,1424,-0.010142,0.046314,0.169819,0.066680,0.003565,0.048380,-0.020995,0.392656,0.000000
142,1.420000,1425,-0.225361,-0.142216,0.116589,0.080390,-0.007025,0.058949,0.060257,0.689522,0.000000
142,1.420000,1426,-0.465683,-0.158385,0.198891,-0.067939,0.080875,0.004980,-0.406632,-0.341589,0.000000
142,1.420000,1427,-0.226901,-0.141836,0.117210,-0.060829,0.091435,0.058649,-0.780097,-0.518974,0.000000
142,1.420000,1428,-0.241361,-0.163815,0.178707,0.075461,-0.007435,-0.026490,0.041606,0.422260,0.000000
142,1.420000,1429,0.212637,0.041263,0.150249,0.068861,0.013715,0.016610,-0.091283,0.458308,0.000000
143,1.430000,1430,0.426450,0.024933,-0.200474,-0.001529,-0.024685,0.051570,-0.123135,0.007628,0.000000
143,1.430000,1431,0.235867,0.273264,-0.258053,-0.007489,-0.034166,0.063860,-0.132399,0.029020,0.000000
143,1.430000,1432,-0.011552,-0.158547,-0.234142,0.010001,-0.045425,0.093910,-0.194006,-0.042712,0.000000
143,1.430000,1433,-0.222741,0.065234,0.883430,0.066981,0.091075,0.015940,-0.103092,0.075820,0.000000
143,1.430000,1434,-0.221041,0.065414,0.145481,0.068090,-0.006675,0.017090,0.045884,0.468033,0.000000
143,1.430000,1435,-0.240151,-0.161225,0.541588,0.005371,0.041675,-0.023970,-0.076949,0.009917,0.000000
143,1.430000,1436,-0.008932,0.048904,0.532700,-0.003409,0.052675,0.050900,-0.098884,-0.006400,0.000000
143,1.430000,1437,0.425240,0.022343,-0.563353,0.068561,-0.073795,0.049050,-0.130993,-0.121702,0.000000
143,1.430000,1438,0.206937,-0.165657,0.129135,-0.059639,-0.084995,0.057270,0.658189,-0.461834,0.000000
143,1.430000,1439,0.215547,0.044033,-0.224819,-0.000119,-0.034925,0.020280,-0.155347,0.000528,0.000000
144,1.440000,1440,0.004487,0.062573,0.488171,0.141401,-0.045875,-0.011860,0.093973,0.289654,0.000000
144,1.440000,1441,-0.221041,0.065414,0.145481,0.068090,-0.006675,0.017090,0.045884,0.468033,0.000000
144,1.440000,1442,-0.220881,0.065974,-0.591854,-0.072019,-0.005965,0.017940,-0.010078,0.121684,0.000000
144,1.440000,1443,-0.244111,-0.166025,-0.183552,0.004331,0.041915,-0.029310,0.228357,-0.023596,0.000000
144,1.440000,1444,-0.014463,-0.163506,0.146950,-0.061429,0.003184,-0.052070,-0.021669,-0.418027,0.000000
144,1.440000,1445,0.211227,-0.163597,-0.253712,0.012181,-0.035275,0.062140,-0.139036,-0.048010,0.000000
144,1.440000,1446,0.423540,0.022163,0.174595,0.067451,0.023955,0.047900,-0.137203,0.386329,0.000000
144,1.440000,1447,0.228311,0.466844,-0.185246,-0.023379,-0.033725,0.085060,-0.182057,0.126205,0.000000
144,1.440000,1448,-0.010142,0.046314,0.169819,0.066680,0.003565,0.048380,-0.020995,0.392656,0.000000
144,1.440000,1449,-0.238451,-0.161045,-0.196362,0.006481,-0.056076,-0.022820,-0.285573,-0.033004,0.000000
145,1.450000,1450,-0.451050,-0.142125,0.517250,0.006781,0.031435,-0.055260,-0.060773,0.013109,0.000000
145,1.450000,1451,-0.240151,-0.161225,0.541588,0.005371,0.041675,-0.023970,-0.076949,0.009917,0.000000
145,1.450000,1452,0.216957,0.248893,0.179142,0.056560,0.014065,-0.025250,-0.078515,0.315727,0.000000
145,1.450000,1453,0.424750,0.024753,0.537476,-0.002639,0.073065,0.050420,-0.135941,-0.004910,0.000000
145,1.450000,1454,0.235867,0.273264,-0.258053,-0.007489,-0.034166,0.063860,-0.132399,0.029020,0.000000
145,1.450000,1455,0.216957,0.248893,0.179142,0.056560,0.014065,-0.025250,-0.078515,0.315727,0.000000
145,1.450000,1456,-0.030462,-0.182915,0.203045,0.074050,0.002805,0.004800,-0.013816,0.364700,0.000000
145,1.450000,1457,-0.228111,-0.144426,-0.245670,0.009261,0.042325,0.056129,0.172286,-0.037695,0.000000
145,1.450000,1458,-0.433480,0.084894,0.121758,-0.071719,0.081545,-0.014500,-0.669732,-0.589033,0.000000
145,1.450000,1459,-0.030462,-0.182915,0.203045,0.074050,0.002805,0.004800,-0.013816,0.364700,0.000000
146,1.460000,1460,-0.026342,-0.177555,0.190857,-0.065019,0.003275,0.010990,-0.017159,-0.340667,0.000000
146,1.460000,1461,0.406130,-0.204296,-0.167248,0.005841,-0.025445,0.007990,-0.152142,-0.034923,0.000000
146,1.460000,1462,0.212637,0.041263,0.150249,0.068861,0.013715,0.016610,-0.091283,0.458308,0.000000
146,1.460000,1463,0.232957,0.270494,0.117016,0.061491,0.014474,0.060190,-0.123696,0.525489,0.000000
146,1.460000,1464,-0.221041,0.065414,0.145481,0.068090,-0.006675,0.017090,0.045884,0.468033,0.000000
146,1.460000,1465,-0.222581,0.065794,0.146095,-0.073129,0.091785,0.016790,-0.628257,-0.500555,0.000000
146,1.460000,1466,-0.248591,-0.374215,0.524883,0.156741,0.040855,0.011700,-0.077836,0.298620,0.000000
146,1.460000,1467,-0.239991,-0.160665,-0.195740,-0.134739,0.042385,-0.023120,0.216538,0.688357,0.000000
146,1.460000,1468,0.189567,-0.190176,-0.178791,0.005101,0.062305,-0.029790,0.348479,-0.028529,0.000000
146,1.460000,1469,0.215547,0.044033,-0.224819,-0.000119,-0.034925,0.020280,-0.155347,0.000528,0.000000
147,1.470000,1470,0.423540,0.022163,0.174595,0.067451,0.023955,0.047900,-0.137203,0.386329,0.000000
147,1.470000,1471,-0.010142,0.046314,0.169819,0.066680,0.003565,0.048380,-0.020995,0.392656,0.000000
147,1.470000,1472,-0.008732,0.251174,0.573772,0.123361,0.052555,0.002850,-0.091595,0.215000,0.000000
147,1.470000,1473,-0.010142,0.046314,0.169819,0.066680,0.003565,0.048380,-0.020995,0.392656,0.000000
147,1.470000,1474,-0.219831,0.068004,0.508362,-0.002000,0.042435,0.019610,-0.083473,-0.003934,0.000000
147,1.470000,1475,-0.221041,0.065414,0.145481,0.068090,-0.006675,0.017090,0.045884,0.468033,0.000000
147,1.470000,1476,0.001737,0.060363,0.125912,0.070270,0.003475,-0.014680,-0.027596,0.558090,0.000000
147,1.470000,1477,0.219867,0.251663,-0.195927,-0.012419,-0.034575,-0.021580,-0.176469,0.063387,0.000000
147,1.470000,1478,0.215547,0.044033,-0.224819,-0.000119,-0.034925,0.020280,-0.155347,0.000528,0.000000
147,1.470000,1479,-0.010142,0.046314,0.169819,0.066680,0.003565,0.048380,-0.020995,0.392656,0.000000
148,1.480000,1480,-0.222451,-0.139446,-0.258480,0.011411,-0.055665,0.062619,-0.215357,-0.044147,0.000000
148,1.480000,1481,-0.243061,-0.163995,0.916656,0.074351,0.090315,-0.027640,-0.098526,0.081111,0.000000
148,1.480000,1482,-0.462933,-0.156174,0.561157,0.003191,0.031525,0.007800,-0.056178,0.005686,0.000000
148,1.480000,1483,-0.215511,0.275634,0.537247,-0.014299,0.042785,-0.022250,-0.079637,-0.026616,0.000000
148,1.480000,1484,-0.010142,0.046314,0.169819,0.066680,0.003565,0.048380,-0.020995,0.392656,0.000000
148,1.480000,1485,-0.007232,0.049084,-0.205250,-0.002299,-0.045075,0.052050,-0.219610,0.011200,0.000000
148,1.480000,1486,0.219867,0.251663,-0.195927,-0.012419,-0.034575,-0.021580,-0.176469,0.063387,0.000000
148,1.480000,1487,0.215547,0.044033,-0.224819,-0.000119,-0.034925,0.020280,-0.155347,0.000528,0.000000
148,1.480000,1488,-0.018583,-0.168866,0.159138,0.077641,0.002715,-0.058260,-0.017058,0.487886,0.000000
148,1.480000,1489,-0.241361,-0.163815,0.178707,0.075461,-0.007435,-0.026490,0.041606,0.422260,0.000000
149,1.490000,1490,-0.240151,-0.161225,0.541588,0.005371,0.041675,-0.023970,-0.076949,0.009917,0.000000
149,1.490000,1491,-0.218131,0.068184,-0.229588,-0.000889,-0.055315,0.020760,-0.240934,0.003873,0.000000
149,1.490000,1492,-0.010142,0.046314,0.169819,0.066680,0.003565,0.048380,-0.020995,0.392656,0.000000
149,1.490000,1493,0.215547,0.044033,-0.224819,-0.000119,-0.034925,0.020280,-0.155347,0.000528,0.000000
149,1.490000,1494,0.212637,0.041263,0.150249,0.068861,0.013715,0.016610,-0.091283,0.458308,0.000000
149,1.490000,1495,0.212637,0.041263,0.150249,0.068861,0.013715,0.016610,-0.091283,0.458308,0.000000
149,1.490000,1496,-0.033382,-0.181825,0.211445,-0.207968,0.002904,0.003300,-0.013736,-0.983558,0.000000
149,1.490000,1497,-0.222581,0.065794,0.146095,-0.073129,0.091785,0.016790,-0.628257,-0.500555,0.000000
149,1.490000,1498,-0.240151,-0.161225,0.541588,0.005371,0.041675,-0.023970,-0.076949,0.009917,0.000000
149,1.490000,1499,-0.241361,-0.163815,0.178707,0.075461,-0.007435,-0.026490,0.041606,0.422260,0.000000
150,1.500000,1500,0.212637,0.041263,0.150249,0.068861,0.013715,0.016610,-0.091283,0.458308,0.000000
150,1.500000,1501,0.199547,0.022434,-0.162701,-0.005049,-0.035335,-0.065160,-0.217178,0.031034,0.000000
150,1.500000,1502,0.212637,0.041263,0.150249,0.068861,0.013715,0.016610,-0.091283,0.458308,0.000000
150,1.500000,1503,0.195227,-0.185196,-0.191593,0.007251,-0.035685,-0.023300,-0.186254,-0.037847,0.000000
150,1.500000,1504,-0.008932,0.048904,0.532700,-0.003409,0.052675,0.050900,-0.098884,-0.006400,0.000000
150,1.500000,1505,-0.221041,0.065414,0.145481,0.068090,-0.006675,0.017090,0.045884,0.468033,0.000000
150,1.500000,1506,-0.430730,0.087104,0.484024,-0.000589,0.032195,-0.011680,-0.066515,-0.001218,0.000000
150,1.500000,1507,0.006057,0.267993,0.154804,0.057971,0.003825,-0.056540,-0.024707,0.374476,0.000000
150,1.500000,1508,0.232957,0.270494,0.117016,0.061491,0.014474,0.060190,-0.123696,0.525489,0.000000
150,1.500000,1509,0.426450,0.024933,-0.200474,-0.001529,-0.024685,0.051570,-0.123135,0.007628,0.000000
151,1.510000,1510,0.211257,0.041973,0.158028,-0.071939,-0.084645,0.015410,0.535636,-0.455227,0.000000
151,1.510000,1511,0.403220,-0.207066,0.207821,0.074821,0.023195,0.004320,-0.111610,0.360026,0.000000
151,1.510000,1512,-0.030462,-0.182915,0.203045,0.074050,0.002805,0.004800,-0.013816,0.364700,0.000000
151,1.510000,1513,-0.431940,0.084514,0.121143,0.069500,-0.016915,-0.014200,0.139627,0.573704,0.000000
151,1.510000,1514,-0.455340,-0.144185,0.900099,-0.065039,-0.018285,-0.060130,0.020315,-0.072258,0.000000
151,1.510000,1515,-0.010143,0.044124,0.175842,-0.073729,0.003534,-0.093930,-0.020099,-0.419288,0.000000
151,1.510000,1516,0.216957,0.248893,0.179142,0.056560,0.014065,-0.025250,-0.078515,0.315727,0.000000
151,1.510000,1517,0.221077,0.254253,0.166954,-0.082509,0.014535,-0.019060,-0.087060,-0.494202,0.000000
151,1.510000,1518,0.216957,0.248893,0.179142,0.056560,0.014065,-0.025250,-0.078515,0.315727,0.000000
151,1.510000,1519,-0.221041,0.065414,0.145481,0.068090,-0.006675,0.017090,0.045884,0.468033,0.000000
152,1.520000,1520,-0.243061,-0.163995,0.916656,0.074351,0.090315,-0.027640,-0.098526,0.081111,0.000000
152,1.520000,1521,-0.244441,-0.163285,0.924437,-0.066449,-0.008045,-0.028840,0.008703,-0.071880,0.000000
152,1.520000,1522,-0.221041,0.065414,0.145481,0.068090,-0.006675,0.017090,0.045884,0.468033,0.000000
152,1.520000,1523,-0.223791,0.063204,-0.216785,-0.003039,0.042675,0.014270,0.196856,0.014018,0.000000
152,1.520000,1524,0.235867,0.273264,-0.258053,-0.007489,-0.034166,0.063860,-0.132399,0.029020,0.000000
152,1.520000,1525,0.442649,0.246616,-0.215504,-0.010239,-0.024425,-0.053350,-0.113339,0.047513,0.000000
152,1.520000,1526,0.215547,0.044033,-0.224819,-0.000119,-0.034925,0.020280,-0.155347,0.000528,0.000000
152,1.520000,1527,0.423540,0.022163,0.174595,0.067451,0.023955,0.047900,-0.137203,0.386329,0.000000
152,1.520000,1528,-0.225361,-0.142216,0.116589,0.080390,-0.007025,0.058949,0.060257,0.689522,0.000000
152,1.520000,1529,-0.221041,0.065414,0.145481,0.068090,-0.006675,0.017090,0.045884,0.468033,0.000000
153,1.530000,1530,-0.449653,0.068784,0.548519,-0.147129,0.031915,0.043690,-0.058184,-0.268229,0.000000
153,1.530000,1531,-0.240151,-0.161225,0.541588,0.005371,0.041675,-0.023970,-0.076949,0.009917,0.000000
153,1.530000,1532,0.216957,0.248893,0.179142,0.056560,0.014065,-0.025250,-0.078515,0.315727,0.000000
153,1.530000,1533,0.212637,0.041263,0.150249,0.068861,0.013715,0.016610,-0.091283,0.458308,0.000000
153,1.530000,1534,0.217117,0.249453,-0.558193,-0.083549,0.014775,-0.024400,0.026469,0.149678,0.000000
153,1.530000,1535,-0.007232,0.049084,-0.205250,-0.002299,-0.045075,0.052050,-0.219610,0.011200,0.000000
153,1.530000,1536,-0.240151,-0.161225,0.541588,0.005371,0.041675,-0.023970,-0.076949,0.009917,0.000000
153,1.530000,1537,-0.240151,-0.161225,0.541588,0.005371,0.041675,-0.023970,-0.076949,0.009917,0.000000
153,1.530000,1538,-0.449350,-0.141945,-0.220699,0.007891,-0.066315,-0.054110,-0.300477,-0.035755,0.000000
153,1.530000,1539,-0.219671,0.068564,-0.228973,-0.142109,0.043145,0.020460,0.188429,0.620635,0.000000
154,1.540000,1540,-0.002912,0.256714,-0.176365,-0.014599,-0.044725,0.010190,-0.253593,0.082779,0.000000
154,1.540000,1541,-0.005822,0.253944,0.198704,0.054380,0.003915,0.006520,-0.019704,0.273673,0.000000
154,1.540000,1542,0.205082,0.234844,0.223057,0.052970,0.014155,0.037810,-0.063459,0.237475,0.000000
154,1.540000,1543,0.216957,0.248893,0.179142,0.056560,0.014065,-0.025250,-0.078515,0.315727,0.000000
154,1.540000,1544,-0.244111,-0.166025,-0.183552,0.004331,0.041915,-0.029310,0.228357,-0.023596,0.000000
154,1.540000,1545,-0.468463,-0.366395,0.169384,0.085580,-0.017935,0.047140,0.105885,0.505245,0.000000
154,1.540000,1546,-0.243061,-0.163995,0.916656,0.074351,0.090315,-0.027640,-0.098526,0.081111,0.000000
154,1.540000,1547,-0.010142,0.046314,0.169819,0.066680,0.003565,0.048380,-0.020995,0.392656,0.000000
154,1.540000,1548,0.216957,0.248893,0.179142,0.056560,0.014065,-0.025250,-0.078515,0.315727,0.000000
154,1.540000,1549,0.235867,0.273264,-0.258053,-0.007489,-0.034166,0.063860,-0.132399,0.029020,0.000000
155,1.550000,1550,0.232957,0.270494,0.117016,0.061491,0.014474,0.060190,-0.123696,0.525489,0.000000
155,1.550000,1551,0.216757,0.046623,0.138062,-0.070209,0.014185,0.022800,-0.102744,-0.508531,0.000000
155,1.550000,1552,-0.219831,0.068004,0.508362,-0.002000,0.042435,0.019610,-0.083473,-0.003934,0.000000
155,1.550000,1553,-0.244471,-0.368855,0.512695,0.017671,0.041325,0.017890,-0.080603,0.034466,0.000000
155,1.550000,1554,-0.368881,-2.555745,0.171520,0.186111,-0.013335,0.006770,0.077744,1.085067,0.000000
155,1.550000,1555,-0.055311,-12.232313,-0.050207,0.827691,0.052364,0.029710,1.042966,-16.485525,0.000000
155,1.550000,1556,-0.017662,-31.060318,-0.266897,1.609580,0.007425,0.075190,0.027821,-6.030712,0.000000
155,1.550000,1557,-0.193270,-53.377380,-0.406242,0.997511,0.052564,0.099110,0.129391,-2.455458,0.000000
155,1.550000,1558,0.217858,-61.478409,-0.703255,-0.394248,0.122875,0.034170,0.174723,0.560606,0.000000
155,1.550000,1559,-0.226203,-73.086945,-0.542488,0.687591,-0.093525,-0.020740,-0.172401,-1.267477,0.000000
156,1.560000,1560,0.540470,-90.458694,-0.732952,2.944941,0.091194,-0.127440,0.124420,-4.017917,0.000000
156,1.560000,1561,1.290819,-96.399162,-0.294514,2.298691,-0.019476,0.068010,-0.066129,-7.805038,0.000000
156,1.560000,1562,0.013429,-107.259819,0.926292,0.747081,0.070204,0.133570,-0.075791,0.806529,0.000000
156,1.560000,1563,-0.338039,-113.366890,0.639858,-0.174079,-0.092996,-0.111790,0.145339,-0.272059,0.000000
156,1.560000,1564,0.585171,-100.949234,0.148239,0.321040,0.095365,-0.423690,-0.643316,2.165691,0.000000
156,1.560000,1565,0.087500,-105.803589,-0.850430,3.415960,0.022814,-0.426080,0.026826,-4.016747,0.000000
156,1.560000,1566,0.451659,-118.740761,-0.746483,4.422070,0.141144,0.107491,0.189079,-5.923873,0.000000
156,1.560000,1567,-0.519551,-128.256485,1.128548,1.410841,0.245474,0.378220,-0.217513,1.250139,0.000000
156,1.560000,1568,-2.478290,-131.444687,2.012909,-1.268499,0.055724,-0.201090,-0.027683,-0.630182,0.000000
156,1.560000,1569,-2.075980,-132.167191,0.928963,1.082750,0.022485,-0.899790,-0.024204,1.165547,0.000000
157,1.570000,1570,0.472880,-149.001297,0.359531,5.636550,0.241404,-0.679010,-0.671441,15.677490,0.000000
157,1.570000,1571,1.715689,-138.505325,1.333607,3.408970,0.252315,0.275549,-0.189197,2.556203,0.000000
157,1.570000,1572,-0.877911,-153.236755,2.991489,1.537791,-0.063226,0.498390,0.021135,0.514055,0.000000
157,1.570000,1573,-1.135134,-176.876160,3.273140,0.490049,-0.072656,-0.140091,0.022198,0.149718,0.000000
157,1.570000,1574,0.846789,-145.679749,1.494286,0.068620,0.112514,-0.965201,-0.075297,0.045921,0.000000
157,1.570000,1575,-0.546090,-178.301941,1.817661,5.613851,0.048814,-0.847110,-0.026856,3.088502,0.000000
157,1.570000,1576,0.645485,-161.028976,0.885345,3.995581,0.107665,0.316001,-0.121608,4.513019,0.000000
157,1.570000,1577,-0.695621,-164.885696,2.853031,1.418452,-0.001336,0.826429,0.000468,0.497174,0.000000
157,1.570000,1578,-1.918011,-193.969009,3.574467,1.244810,-0.008965,-0.281691,0.002508,0.348251,0.000000
157,1.570000,1579,-0.388803,-162.354538,3.055500,0.156530,0.007514,-1.285400,-0.002459,0.051229,0.000000
158,1.580000,1580,-2.524621,-181.333557,0.969215,4.390571,0.105274,-1.353451,-0.108618,4.530025,0.000000
158,1.580000,1581,-0.193159,-178.588074,1.662907,4.408572,0.317624,0.293330,-0.191005,2.651124,0.000000
158,1.580000,1582,-2.089884,-162.420242,0.635708,1.726080,0.131555,0.968950,-0.206943,2.715210,0.000000
158,1.580000,1583,-3.051631,-190.854401,2.073521,1.806952,0.038294,0.162310,-0.018468,0.871441,0.000000
158,1.580000,1584,-0.170200,-166.735229,2.268013,1.066571,0.213195,-1.854568,-0.094001,0.470267,0.000000
158,1.580000,1585,-1.784900,-172.160690,2.343174,3.557600,0.039495,-1.489619,-0.016855,1.518283,0.000000
158,1.580000,1586,0.253401,-175.063736,1.523540,3.981122,0.041764,0.153290,-0.027413,2.613072,0.000000
158,1.580000,1587,-0.648733,-159.670502,1.799896,1.804940,-0.046895,1.283220,0.026054,1.002802,0.000000
158,1.580000,1588,-2.647922,-179.730118,-0.574104,1.795722,-0.090956,-0.167699,-0.158431,-3.127866,0.000000
158,1.580000,1589,-0.014151,-159.767212,-1.780815,1.238912,0.175185,-1.378309,0.098373,-0.695699,0.000000
159,1.590000,1590,-0.845469,-162.639572,-0.180771,3.888391,0.034765,-1.779490,0.192314,-21.510050,0.000000
159,1.590000,1591,-2.373560,-166.461288,0.924797,4.132341,-0.277125,0.517210,0.299661,4.468376,0.000000
159,1.590000,1592,-0.349322,-148.480194,1.062660,2.027061,-0.281365,-0.061260,0.264775,1.907534,0.000000
159,1.590000,1593,-0.783052,-170.648712,1.853504,1.948852,0.045094,-0.737999,-0.024329,1.051442,0.000000
159,1.590000,1594,1.114459,-156.067566,2.844654,0.232390,0.377695,-0.836199,-0.132773,0.081694,0.000000
159,1.590000,1595,-3.547213,-149.931290,1.669357,2.276201,-0.086775,-0.243790,0.051981,1.363520,0.000000
159,1.590000,1596,-2.400421,-164.478516,1.448044,4.687950,0.015584,-0.631251,-0.010762,3.237437,0.000000
159,1.590000,1597,1.653517,-142.569199,-0.178253,2.011170,0.206185,-0.762180,1.156697,-11.282662,0.000000
159,1.590000,1598,-0.660321,-160.390366,-0.003353,1.268832,-0.096936,-1.045030,-28.909130,-378.403442,0.000000
159,1.590000,1599,0.108289,-158.428345,2.513058,1.253082,-0.109766,-0.018620,0.043678,0.498629,0.000000
160,1.600000,1600,-1.416992,-142.839874,3.132969,2.371942,0.109334,-0.409050,-0.034898,0.757091,0.000000
160,1.600000,1601,-3.879219,-159.585587,4.370995,4.602931,0.141964,-0.185101,-0.032479,1.053063,0.000000
160,1.600000,1602,-0.774070,-146.416794,3.270988,2.381201,0.336775,-0.664500,-0.102958,0.727976,0.000000
160,1.600000,1603,-1.000282,-153.874176,0.871719,1.093710,-0.015706,-1.327580,0.018017,1.254658,0.000000
160,1.600000,1604,-0.246662,-155.876602,0.177467,0.621601,-0.471246,-1.162590,2.655394,3.502622,0.000000
160,1.600000,1605,2.763390,-124.378052,-0.960155,0.228120,-0.083096,-0.421830,-0.086544,-0.237587,0.000000
160,1.600000,1606,0.789681,-120.377113,0.148659,3.059361,0.267785,0.935369,-1.801339,20.579760,0.000000
160,1.600000,1607,-2.310842,-93.376480,3.808022,2.381880,-0.185616,-1.621970,0.048743,0.625490,0.000000
160,1.600000,1608,-0.937709,-80.125549,4.880983,1.420171,0.217494,-2.688590,-0.044560,0.290960,0.000000
160,1.600000,1609,1.118260,-85.326073,2.542940,-0.119769,0.465055,-3.322770,-0.182881,-0.047099,0.000000
161,1.610000,1610,-4.030113,-56.323662,-0.302086,-1.498828,-0.306525,0.747640,-1.014694,4.961597,0.000000
161,1.610000,1611,-3.916632,-65.808517,1.323240,2.295842,-0.400635,0.980779,0.302768,1.735015,0.000000
161,1.610000,1612,3.400378,-59.253532,1.761646,3.462861,0.185484,0.397470,-0.105290,1.965696,0.000000
161,1.610000,1613,-0.805429,-52.306122,2.196341,1.379981,0.025425,-3.656980,-0.011576,0.628309,0.000000
161,1.610000,1614,-0.171441,-71.368515,3.569635,-0.229259,-0.182086,-1.973880,0.051010,-0.064225,0.000000
161,1.610000,1615,-0.814003,-52.210270,3.260155,-2.064859,-0.210796,-0.750170,0.064658,-0.633362,0.000000
161,1.610000,1616,-4.730663,-52.841400,0.857679,0.931950,-0.093926,1.448410,0.109512,1.086595,0.000000
161,1.610000,1617,1.443197,-47.804527,-2.028778,3.088811,0.381955,-2.377691,0.188269,-1.522498,0.000000
161,1.610000,1618,-3.225601,-29.596727,1.546162,1.414122,-0.038095,-2.123590,0.024638,0.914601,0.000000
161,1.610000,1619,-2.001780,-45.667290,6.311235,-0.831319,-0.275165,-2.541310,0.043599,-0.131721,0.000000
162,1.620000,1620,0.611790,-30.177967,3.508734,-2.576419,-0.288935,1.039360,0.082347,-0.734287,0.000000
162,1.620000,1621,0.295702,-23.920382,0.258926,0.011781,-0.062336,-0.777940,0.240748,0.045500,0.000000
162,1.620000,1622,-0.388230,-24.590485,-1.562263,2.923551,-0.243365,-1.079700,-0.155777,-1.871356,0.000000
162,1.620000,1623,-0.639750,-8.889012,2.164064,1.489711,0.424224,-3.340330,-0.196031,0.688386,0.000000
162,1.620000,1624,-2.051773,-21.690636,3.816622,-0.893609,0.169065,-1.385590,-0.044297,-0.234136,0.000000
162,1.620000,1625,-5.047068,-12.976845,0.795938,-2.547569,-0.658985,-1.605991,0.827935,-3.200711,0.000000
162,1.620000,1626,-0.503900,-5.399264,0.466633,-0.019119,-0.297025,-0.702320,0.636529,-0.040972,0.000000
162,1.620000,1627,5.360055,-5.534142,4.942081,2.366571,0.663785,-0.352770,-0.134313,0.478861,0.000000
162,1.620000,1628,-4.982681,4.436776,5.580641,1.352421,-0.119335,-0.514840,0.021384,0.242341,0.000000
162,1.620000,1629,-5.546623,-4.989802,3.610880,-1.046148,-0.245196,-2.639430,0.067905,-0.289721,0.000000
163,1.630000,1630,1.730248,-2.771264,4.841141,-2.636709,0.343295,-2.618120,-0.070912,-0.544646,0.000000
163,1.630000,1631,-0.207752,4.999475,3.221695,-0.729669,-0.042126,-1.784100,0.013076,-0.226486,0.000000
163,1.630000,1632,1.373371,5.773276,-1.222368,1.912262,-0.454606,-0.514410,-0.371906,-1.564391,0.000000
163,1.630000,1633,-0.026901,17.359764,-2.872757,0.301461,0.025234,-0.044441,0.008784,-0.104938,0.000000
163,1.630000,1634,-0.844834,12.446067,2.367493,-1.139789,0.520704,-2.479721,-0.219939,-0.481433,0.000000
163,1.630000,1635,-3.320520,12.469056,8.223610,-2.090049,0.049975,-4.848849,-0.006077,-0.254152,0.000000
163,1.630000,1636,-7.043622,16.555746,8.311018,-0.739659,-0.615035,-4.076130,0.074002,-0.088997,0.000000
163,1.630000,1637,2.459948,14.603533,3.354760,1.403261,0.292115,1.417060,-0.087075,0.418290,0.000000
163,1.630000,1638,2.785087,17.136389,-1.634474,0.573731,0.113495,0.205660,0.069438,-0.351019,0.000000
163,1.630000,1639,-0.985873,8.964315,-1.386715,-0.339449,-0.557936,-1.142770,-0.402343,0.244786,0.000000
164,1.640000,1640,0.060309,5.295755,3.344770,-1.889289,-0.226895,-5.407640,0.067836,-0.564849,0.000000
164,1.640000,1641,-0.655813,0.126665,6.959333,-0.949709,0.331644,-3.535111,-0.047655,-0.136466,0.000000
164,1.640000,1642,-4.684682,-5.977327,8.758192,0.387921,0.096155,-2.092730,-0.010979,0.044292,0.000000
164,1.640000,1643,-3.770163,-5.906664,7.807779,0.548182,-0.439965,1.933759,0.056350,0.070210,0.000000
164,1.640000,1644,-1.578059,-16.671495,3.724674,0.451471,0.246894,-2.592291,-0.066286,0.121211,0.000000
164,1.640000,1645,4.578219,-19.214455,-2.032372,-0.703999,0.046775,-3.383461,0.023015,0.346393,0.000000
164,1.640000,1646,-1.460149,-21.570694,2.144461,-0.961740,-0.194956,-5.263931,0.090911,-0.448476,0.000000
164,1.640000,1647,-1.751350,-22.773932,10.158422,-0.342959,-0.299425,-0.306770,0.029476,-0.033761,0.000000
164,1.640000,1648,-1.188931,-12.544306,13.041510,0.029191,0.606695,-0.970920,-0.046520,0.002238,0.000000
164,1.640000,1649,-2.398172,-18.431362,5.792803,0.998260,-0.033125,-0.751170,0.005718,0.172328,0.000000
165,1.650000,1650,-2.583080,-13.716883,-0.313059,-0.559699,-0.594665,-6.552400,-1.899531,1.787838,0.000000
165,1.650000,1651,1.676801,-14.786862,2.689106,-1.365789,0.204925,-3.171300,-0.076205,-0.507897,0.000000
165,1.650000,1652,1.313520,-17.130850,8.572678,-1.122899,0.487814,-0.214110,-0.056903,-0.130986,0.000000
165,1.650000,1653,-8.761574,-10.641692,8.017817,-0.069589,-0.424025,1.807640,0.052885,-0.008679,0.000000
165,1.650000,1654,-4.143933,-13.243093,9.779995,1.147652,0.166734,-4.475240,-0.017049,0.117347,0.000000
165,1.650000,1655,-0.093121,-14.137936,12.491129,-0.023209,0.699015,-4.802880,-0.055961,-0.001858,0.000000
165,1.650000,1656,-0.125014,-14.383494,4.877888,-1.488879,-0.130045,-4.846390,0.026660,-0.305230,0.000000
165,1.650000,1657,-2.165392,-16.130503,-1.197285,-1.250558,-0.599245,0.815870,-0.500504,1.044495,0.000000
165,1.650000,1658,-1.144862,-11.543736,2.503596,-0.311089,0.281825,-0.138660,-0.112568,-0.124257,0.000000
165,1.650000,1659,-0.378674,-12.373714,10.527210,1.309511,0.449095,-3.297390,-0.042660,0.124393,0.000000
166,1.660000,1660,-7.256420,-13.663054,14.869164,0.708731,-0.529325,-7.932090,0.035599,0.047664,0.000000
166,1.660000,1661,-1.523362,-19.599260,11.990158,-0.995939,0.051804,-3.696200,-0.004321,-0.083063,0.000000
166,1.660000,1662,0.422445,-18.852156,2.934380,-2.518099,0.509235,-0.279560,-0.173541,-0.858137,0.000000
166,1.660000,1663,-4.301452,-13.589880,2.187505,-0.227329,-0.695316,0.939130,0.317858,-0.103922,0.000000
166,1.660000,1664,-4.002863,-11.574784,5.001668,2.118421,-0.646736,-3.264560,0.129304,0.423543,0.000000
166,1.660000,1665,5.316511,-12.519654,6.861052,0.960971,0.714805,-6.126620,-0.104183,0.140062,0.000000
166,1.660000,1666,-3.392620,-19.074425,11.875835,-1.785479,0.260215,-5.393619,-0.021911,-0.150346,0.000000
166,1.660000,1667,-7.459761,-14.122666,16.068043,-3.261559,-0.415616,-1.198100,0.025866,-0.202984,0.000000
166,1.660000,1668,-5.636191,-7.802501,7.810124,-1.391408,0.217845,-1.626060,-0.027893,-0.178154,0.000000
166,1.660000,1669,-2.702361,-2.762815,-0.030758,2.256002,0.500434,-3.120170,16.270103,-73.347061,0.000000
167,1.670000,1670,1.304286,3.088054,1.941880,2.330420,0.042425,-4.829841,-0.021847,1.200085,0.000000
167,1.670000,1671,-1.540085,-4.143340,9.814826,-1.079379,-0.630945,-3.326410,0.064285,-0.109974,0.000000
167,1.670000,1672,-2.786653,-2.708235,13.122850,-4.450539,-0.339986,-1.934650,0.025908,-0.339144,0.000000
167,1.670000,1673,0.726059,1.458264,12.678898,-2.038689,0.461595,-1.959270,-0.036407,-0.160794,0.000000
167,1.670000,1674,-2.456463,6.517072,4.615278,2.230712,-0.090815,-6.121810,0.019677,0.483332,0.000000
167,1.670000,1675,-4.437130,13.242316,3.286436,2.434852,-0.233546,-5.741130,0.071064,0.740879,0.000000
167,1.670000,1676,0.422169,4.068309,7.912630,-0.965869,0.601154,-0.953630,-0.075974,-0.122067,0.000000
167,1.670000,1677,-2.766675,1.696678,9.352175,-4.086588,0.064555,0.932220,-0.006903,-0.436967,0.000000
167,1.670000,1678,-9.379041,4.554297,10.593262,-2.333468,-0.605475,-3.269050,0.057157,-0.220278,0.000000
167,1.670000,1679,4.144777,1.450556,12.394536,1.997681,0.407085,-7.925000,-0.032844,0.161174,0.000000
168,1.680000,1680,1.234659,7.373353,10.694011,1.744001,0.373694,-5.891119,-0.034944,0.163082,0.000000
168,1.680000,1681,-3.124402,-3.904753,3.403137,-1.111838,-0.590845,-0.489870,0.173618,-0.326710,0.000000
168,1.680000,1682,-6.109450,-9.226771,0.274605,-4.056258,0.215865,1.502520,-0.786093,-14.771257,0.000000
168,1.680000,1683,-1.302503,-2.568712,9.391260,-2.109478,0.664484,-4.495200,-0.070756,-0.224621,0.000000
168,1.680000,1684,-6.541470,-6.369123,18.804743,2.328871,-0.345835,-9.393279,0.018391,0.123845,0.000000
168,1.680000,1685,-0.217854,-1.485401,16.739580,1.811862,-0.136665,-7.090030,0.008164,0.108238,0.000000
168,1.680000,1686,2.642238,-8.898692,7.358402,-1.697899,0.570665,0.206260,-0.077553,-0.230743,0.000000
168,1.680000,1687,-3.923841,-12.109970,2.467356,-3.821169,-0.218916,0.903299,0.088725,-1.548690,0.000000
168,1.680000,1688,-5.018131,-0.349596,4.371228,-1.484269,-0.927356,-3.155040,0.212150,-0.339554,0.000000
168,1.680000,1689,-0.980942,-5.583755,8.707752,2.728971,0.568385,-9.162560,-0.065273,0.313396,0.000000
169,1.690000,1690,-0.316032,-1.386003,14.140567,1.345192,0.552435,-6.864810,-0.039067,0.095130,0.000000
169,1.690000,1691,-5.857091,-3.115344,18.408295,-2.499518,-0.088266,-2.169540,0.004795,-0.135782,0.000000
169,1.690000,1692,-6.364600,-11.402666,15.292927,-3.609019,-0.835425,0.670740,0.054628,-0.235993,0.000000
169,1.690000,1693,-0.978653,2.837406,3.840876,-1.656028,0.244625,-4.285260,-0.063690,-0.431159,0.000000
169,1.690000,1694,3.299599,-1.344183,-1.997619,2.224041,0.586455,-8.151810,0.293577,-1.113346,0.000000
169,1.690000,1695,-3.386583,-0.259782,7.479924,1.616232,-0.323435,-7.061480,0.043240,0.216076,0.000000
169,1.690000,1696,-11.524070,2.143384,17.891861,-2.482689,-0.739955,-0.269950,0.041357,-0.138761,0.000000
169,1.690000,1697,0.169638,-10.718164,18.366184,-3.240209,0.844594,-0.050610,-0.045986,-0.176423,0.000000
169,1.690000,1698,-1.035071,3.158408,7.110758,-1.702949,0.138945,-5.804710,-0.019540,-0.239489,0.000000
169,1.690000,1699,-3.595831,-0.917289,4.826038,2.010851,-0.687475,-10.510800,0.142451,0.416667,0.000000
170,1.700000,1700,-1.314390,-6.003963,8.573038,1.528152,0.030655,-3.699331,-0.003576,0.178251,0.000000
170,1.700000,1701,-2.842582,-2.480684,7.954496,-2.338789,0.415704,0.379369,-0.052260,-0.294021,0.000000
170,1.700000,1702,-9.433534,-14.227231,7.864594,-2.879949,-0.136595,0.147060,0.017368,-0.366192,0.000000
170,1.700000,1703,-2.350382,-8.204550,15.798133,-1.136288,0.014134,-8.310140,-0.000895,-0.071925,0.000000
170,1.700000,1704,-2.311863,-6.973823,17.400583,1.322121,0.012245,-8.641820,-0.000704,0.075981,0.000000
170,1.700000,1705,-0.527300,-10.291573,8.503839,0.783172,-0.180006,-5.008609,0.021168,0.092096,0.000000
170,1.700000,1706,-4.143772,-7.409601,0.819433,-2.521708,0.025005,1.949610,-0.030515,-3.077381,0.000000
170,1.700000,1707,-2.240123,-10.769604,6.825000,-2.484769,0.146304,-3.296250,-0.021437,-0.364069,0.000000
170,1.700000,1708,-4.784481,-4.848285,17.323185,0.030102,-0.289425,-6.609850,0.016707,0.001738,0.000000
170,1.700000,1709,-4.001304,-2.568007,18.135876,1.325602,-0.265265,-10.307879,0.014627,0.073093,0.000000
171,1.710000,1710,-4.432013,-5.539874,14.112857,-0.865759,0.278124,-4.726320,-0.019707,-0.061345,0.000000
171,1.710000,1711,-1.651712,-5.875292,9.749782,-2.681970,0.623014,-1.110820,-0.063900,-0.275080,0.000000
171,1.710000,1712,-6.459571,1.395898,6.700300,-1.596218,-0.682855,-0.220790,0.101914,-0.238231,0.000000
171,1.710000,1713,-3.826453,5.671642,3.190161,0.867192,-0.479525,-6.969080,0.150314,0.271833,0.000000
171,1.710000,1714,2.476048,5.526628,7.662681,1.145221,0.397045,-8.720510,-0.051815,0.149454,0.000000
171,1.710000,1715,-1.810591,7.774895,18.782932,-2.066848,0.393825,-6.389051,-0.020967,-0.110039,0.000000
171,1.710000,1716,-8.169784,3.410306,22.792070,-3.340439,-0.826585,-1.268511,0.036266,-0.146561,0.000000
171,1.710000,1717,-9.290533,10.201187,12.752160,-2.022978,-0.335865,-2.819370,0.026338,-0.158638,0.000000
171,1.710000,1718,1.188556,14.332239,1.407309,0.949802,0.695925,-5.671701,-0.494508,0.674906,0.000000
171,1.710000,1719,0.562389,10.830557,2.580521,1.458071,0.215534,-7.936801,-0.083524,0.565030,0.000000
172,1.720000,1720,-8.343052,11.248116,11.992422,-1.782758,-1.082515,-3.860931,0.090267,-0.148657,0.000000
172,1.720000,1721,-0.041463,-2.587083,17.133524,-3.225309,0.246005,-2.906480,-0.014358,-0.188246,0.000000
172,1.720000,1722,-1.869591,0.253557,13.947043,-2.173268,0.402066,-5.105160,-0.028828,-0.155823,0.000000
172,1.720000,1723,-5.522694,-0.015482,13.079200,1.231421,-0.569435,-8.225810,0.043537,0.094151,0.000000
172,1.720000,1724,-3.423132,-8.848316,13.873566,2.330061,-0.064095,-3.992980,0.004620,0.167950,0.000000
172,1.720000,1725,-0.905303,-6.722452,7.521060,-1.201168,0.509045,-2.399771,-0.067683,-0.159707,0.000000
172,1.720000,1726,-8.914011,-16.805494,4.377655,-3.494499,-0.204165,-2.029180,0.046638,-0.798258,0.000000
172,1.720000,1727,-0.947971,-9.949183,11.288861,-2.569868,-0.149365,-7.969349,0.013231,-0.227646,0.000000
172,1.720000,1728,-4.596602,-5.390805,19.647566,0.807441,-0.086755,-8.323390,0.004416,0.041096,0.000000
172,1.720000,1729,-2.114600,-7.483411,15.266092,1.464293,0.044365,-5.038150,-0.002906,0.095918,0.000000
173,1.730000,1730,-4.037453,1.870984,6.760258,-1.985638,0.027044,0.003569,-0.004000,-0.293722,0.000000
173,1.730000,1731,-4.259790,-8.364772,8.752695,-2.406129,-0.289625,-4.611200,0.033090,-0.274901,0.000000
173,1.730000,1732,-1.311633,-1.203993,15.640347,-1.639459,-0.361855,-7.130960,0.023136,-0.104822,0.000000
173,1.730000,1733,-2.006291,5.759354,17.117216,0.429362,-0.407066,-10.056400,0.023781,0.025084,0.000000
173,1.730000,1734,-6.779512,-5.307588,14.172200,0.369963,-0.022815,-5.495771,0.001610,0.026105,0.000000
173,1.730000,1735,-5.062384,2.532161,14.476814,-2.450518,0.903105,-2.937021,-0.062383,-0.169272,0.000000
173,1.730000,1736,-7.545900,-2.399145,13.907689,-1.813168,-0.191456,-1.642970,0.013766,-0.130372,0.000000
173,1.730000,1737,-8.196662,-2.475165,8.866104,0.013752,-0.922965,-6.339280,0.104100,0.001551,0.000000
173,1.730000,1738,5.731919,1.918239,7.637926,0.636031,-0.076655,-8.498751,0.010036,0.083273,0.000000
173,1.730000,1739,0.284101,-13.703054,15.767567,-0.344349,0.057865,-7.897600,-0.003670,-0.021839,0.000000
174,1.740000,1740,-4.466371,-8.331532,22.008873,-2.912508,-0.596115,-3.112480,0.027085,-0.132333,0.000000
174,1.740000,1741,-11.306141,-10.764522,17.011473,-2.430338,-0.472085,-3.150321,0.027751,-0.142865,0.000000
174,1.740000,1742,-6.140275,-15.739394,9.400369,0.248371,0.607625,-4.914911,-0.064638,0.026421,0.000000
174,1.740000,1743,-0.602152,-6.266663,7.233408,0.796762,0.759095,-8.301680,-0.104943,0.110150,0.000000
174,1.740000,1744,-7.640812,-19.568033,11.618324,-0.412609,-0.944815,-6.151299,0.081321,-0.035514,0.000000
174,1.740000,1745,-1.176763,-16.593388,14.954657,-2.731688,-0.293616,-4.905390,0.019634,-0.182665,0.000000
174,1.740000,1746,1.464017,-11.111006,13.634627,-2.723038,0.424525,-4.042140,-0.031136,-0.199715,0.000000
174,1.740000,1747,-5.498305,-18.736986,14.553032,0.285102,-0.504895,-7.858310,0.034693,0.019591,0.000000
174,1.740000,1748,-7.475389,-0.347945,17.447393,0.667991,-0.448835,-4.754611,0.025725,0.038286,0.000000
174,1.740000,1749,-2.906123,-10.971672,15.955391,0.208932,0.510015,-4.868420,-0.031965,0.013095,0.000000
175,1.750000,1750,-8.064703,-10.575019,6.840019,-2.311378,0.179805,-3.370851,-0.026287,-0.337920,0.000000
175,1.750000,1751,-3.112862,-2.481646,10.172388,-2.995708,-0.093305,-8.050110,0.009172,-0.294494,0.000000
175,1.750000,1752,-5.550730,-11.698243,18.530443,-0.388658,-0.460715,-6.980991,0.024863,-0.020974,0.000000
175,1.750000,1753,-1.025412,7.079029,19.915705,-0.118959,-0.052304,-6.448970,0.002626,-0.005973,0.000000
175,1.750000,1754,-3.240193,-0.856123,12.587722,-0.322888,-0.037024,-1.682681,0.002941,-0.025651,0.000000
175,1.750000,1755,-4.684021,-5.548003,12.689394,-1.767428,0.036654,-5.546090,-0.002889,-0.139284,0.000000
175,1.750000,1756,-2.394292,5.613948,17.718019,-2.657058,-0.405655,-7.041209,0.022895,-0.149964,0.000000
175,1.750000,1757,-5.438872,-9.835873,17.897694,-0.418879,-0.457645,-9.542070,0.025570,-0.023404,0.000000
175,1.750000,1758,-4.467764,4.336246,13.806503,-1.280329,0.043185,-6.476270,-0.003128,-0.092734,0.000000
175,1.750000,1759,-5.710922,-1.946200,13.855767,-1.003808,0.974135,-5.026671,-0.070305,-0.072447,0.000000
176,1.760000,1760,-7.423105,-4.898641,17.633232,-0.592318,-0.280225,-2.193041,0.015892,-0.033591,0.000000
176,1.760000,1761,-6.317561,6.817589,13.895893,-1.401498,-0.731665,-6.139750,0.052653,-0.100857,0.000000
176,1.760000,1762,2.751188,-13.272818,12.508157,-0.023998,-0.257425,-8.278120,0.020581,-0.001919,0.000000
176,1.760000,1763,-0.035381,-1.437667,15.517366,-2.022087,0.144794,-9.039790,-0.009331,-0.130311,0.000000
176,1.760000,1764,-4.237293,-5.370345,21.949100,-1.651009,-0.187456,-4.346490,0.008540,-0.075220,0.000000
176,1.760000,1765,-11.131875,-13.019804,18.019463,-0.714708,-0.412325,-4.286060,0.022882,-0.039663,0.000000
176,1.760000,1766,-7.971002,5.321526,11.073706,-1.209468,0.282065,-4.725320,-0.025472,-0.109220,0.000000
176,1.760000,1767,-0.831974,-11.936749,9.326473,-0.067600,0.458835,-8.741220,-0.049197,-0.007248,0.000000
176,1.760000,1768,-5.042893,-5.500073,15.096047,-1.476318,-0.622555,-6.428301,0.041240,-0.097795,0.000000
176,1.760000,1769,-1.580402,1.980043,19.121380,-2.170039,-0.414865,-6.655879,0.021696,-0.113488,0.000000
177,1.770000,1770,-0.400380,-7.923206,16.230059,-0.457718,-0.053795,-3.912681,0.003315,-0.028202,0.000000
177,1.770000,1771,-3.297823,10.939626,14.806131,-1.187228,-0.002405,-7.498850,0.000162,-0.080185,0.000000
177,1.770000,1772,-4.876264,-2.646595,15.386001,-0.970698,-0.468046,-5.949941,0.030420,-0.063090,0.000000
177,1.770000,1773,-5.985824,1.299365,14.717717,-1.581018,0.268655,-6.590250,-0.018254,-0.107423,0.000000
177,1.770000,1774,-7.163641,10.855245,11.498630,-1.435098,0.119344,-4.406199,-0.010379,-0.124806,0.000000
177,1.770000,1775,-5.208024,-3.831106,14.875943,-0.376428,0.206105,-6.928500,-0.013855,-0.025304,0.000000
177,1.770000,1776,-4.160552,10.234025,18.605148,-1.627017,-0.291635,-6.163850,0.015675,-0.087450,0.000000
177,1.770000,1777,-4.364333,0.873868,19.168919,-2.234619,-0.003596,-7.594110,0.000188,-0.116575,0.000000
177,1.770000,1778,-2.125181,-1.631374,11.448906,-2.051269,-0.033145,-4.804650,0.002895,-0.179167,0.000000
177,1.770000,1779,-6.037855,7.818874,14.328091,-0.759368,-0.172955,-6.413321,0.012071,-0.052999,0.000000
178,1.780000,1780,-1.008241,-6.516112,21.654406,0.919311,-0.384465,-6.344580,0.017755,0.042454,0.000000
178,1.780000,1781,-4.441191,-0.501501,22.970276,-1.557399,-0.598676,-8.191250,0.026063,-0.067801,0.000000
178,1.780000,1782,-6.587055,-10.920064,15.774767,-3.064878,-0.099465,-7.858820,0.006305,-0.194290,0.000000
178,1.780000,1783,-3.505023,-17.473351,14.097803,-2.430969,0.791195,-6.421240,-0.056122,-0.172436,0.000000
178,1.780000,1784,-13.778235,0.241124,16.967537,-0.886029,-0.136405,-4.575440,0.008039,-0.052219,0.000000
178,1.780000,1785,-4.402909,-11.056015,17.225605,1.724252,-0.485375,-5.327691,0.028178,0.100098,0.000000
178,1.780000,1786,1.670961,-7.473066,13.992486,-0.339408,-0.350445,-7.667710,0.025045,-0.024256,0.000000
178,1.780000,1787,1.672729,-7.221021,16.583111,-3.376999,-0.305205,-8.650781,0.018405,-0.203641,0.000000
178,1.780000,1788,-1.967981,-21.037134,23.033945,-3.116488,-0.325005,-6.875260,0.014110,-0.135300,0.000000
178,1.780000,1789,-11.083337,1.646874,19.909466,-1.793348,-0.310235,-5.331950,0.015582,-0.090075,0.000000
179,1.790000,1790,-11.162164,-3.268087,15.280951,1.017763,0.428225,-5.623280,-0.028023,0.066603,0.000000
179,1.790000,1791,-6.452140,-5.454364,12.245279,0.147022,0.547175,-7.370801,-0.044685,0.012006,0.000000
179,1.790000,1792,-6.319750,1.142836,16.316669,-2.895328,-0.381824,-7.026580,0.023401,-0.177446,0.000000
179,1.790000,1793,-0.929790,-11.401554,18.682997,-3.175979,-0.327636,-7.584781,0.017537,-0.169993,0.000000
179,1.790000,1794,1.043346,4.868164,18.658409,-1.953828,-0.429605,-6.182150,0.023025,-0.104716,0.000000
179,1.790000,1795,-4.503983,6.460376,20.378761,0.580293,-0.155046,-6.960490,0.007608,0.028475,0.000000
179,1.790000,1796,-1.960612,-2.623024,18.597765,-0.059548,-0.177655,-6.149660,0.009553,-0.003202,0.000000
179,1.790000,1797,-10.483762,4.233064,12.846046,-2.815999,0.162534,-6.818089,-0.012652,-0.219211,0.000000
179,1.790000,1798,-7.257932,-7.977903,11.143970,-2.477198,0.271805,-5.599130,-0.024390,-0.222290,0.000000
179,1.790000,1799,-5.941309,-3.725364,17.099293,-1.415248,0.322345,-7.521890,-0.018851,-0.082766,0.000000
180,1.800000,1800,-7.104812,-0.836052,22.309364,-0.148309,-0.424466,-6.852600,0.019026,-0.006648,0.000000
180,1.800000,1801,-1.059972,-9.075240,21.789347,-0.911958,-0.138615,-7.333719,0.006362,-0.041853,0.000000
180,1.800000,1802,-2.066299,-6.233269,12.052582,-2.959678,-0.121435,-5.651081,0.010075,-0.245564,0.000000
180,1.800000,1803,-5.476822,-11.837771,13.036734,-2.024739,-0.284756,-6.955250,0.021843,-0.155310,0.000000
180,1.800000,1804,-1.453482,-1.393281,21.263584,-1.115249,-0.401314,-7.592880,0.018873,-0.052449,0.000000
180,1.800000,1805,-5.857205,13.699706,22.661795,-1.103149,-0.413155,-7.344951,0.018231,-0.048679,0.000000
180,1.800000,1806,-7.253453,20.312998,17.139950,-2.464068,0.065544,-7.778170,-0.003824,-0.143762,0.000000
180,1.800000,1807,-8.105573,37.767975,18.067606,-4.410858,0.025155,-8.297690,-0.001392,-0.244131,0.000000
180,1.800000,1808,-8.911453,56.768246,17.510937,-3.265338,0.084784,-6.381651,-0.004842,-0.186474,0.000000
180,1.800000,1809,-1.597942,81.570396,13.893976,-1.206158,-0.109875,-4.735791,0.007908,-0.086812,0.000000
181,1.810000,1810,-5.098701,91.858475,12.872734,-0.244318,-0.578706,-6.578811,0.044956,-0.018979,0.000000
181,1.810000,1811,1.667198,97.330383,18.316425,-2.772839,-0.365396,-8.177218,0.019949,-0.151385,0.000000
181,1.810000,1812,-2.649590,101.782356,22.959648,-5.149378,-0.031515,-8.435350,0.001373,-0.224279,0.000000
181,1.810000,1813,-11.176743,100.962242,21.732176,-4.470248,-0.277955,-6.503961,0.012790,-0.205697,0.000000
181,1.810000,1814,-9.239192,115.326614,18.137730,-2.784469,0.256395,-5.946300,-0.014136,-0.153518,0.000000
181,1.810000,1815,-8.776977,115.699844,15.568626,-0.762918,0.327566,-6.165771,-0.021040,-0.049004,0.000000
181,1.810000,1816,-2.409244,116.065842,12.583435,-2.591438,-0.553095,-6.781570,0.043954,-0.205940,0.000000
181,1.810000,1817,-1.721272,120.867508,14.429951,-5.273118,-0.670275,-7.207519,0.046450,-0.365429,0.000000
181,1.810000,1818,3.673135,120.730804,20.158665,-4.656438,-0.274775,-7.829271,0.013631,-0.230989,0.000000
181,1.810000,1819,-5.888085,132.435379,23.581560,-3.210698,-0.334915,-7.059338,0.014202,-0.136153,0.000000
182,1.820000,1820,-8.792098,142.644913,21.984318,-2.122539,-0.174896,-6.651580,0.007955,-0.096548,0.000000
182,1.820000,1821,-8.009371,144.407547,14.090034,-3.380468,0.214585,-5.918980,-0.015230,-0.239919,0.000000
182,1.820000,1822,-4.960290,147.572876,7.330833,-5.191498,-0.132426,-7.024221,0.018064,-0.708173,0.000000
182,1.820000,1823,-2.044460,152.900253,11.336786,-4.377988,-0.243645,-6.243590,0.021492,-0.386175,0.000000
182,1.820000,1824,-1.175302,156.973709,20.955837,-2.465757,-0.313516,-7.124720,0.014961,-0.117664,0.000000
182,1.820000,1825,-5.507394,161.571426,23.522762,-2.187529,-0.468776,-6.654050,0.019929,-0.092996,0.000000
182,1.820000,1826,-5.435504,162.696411,21.608017,-4.131098,-0.021595,-7.030780,0.000999,-0.191184,0.000000
182,1.820000,1827,-5.694250,162.261276,14.659104,-5.308088,0.122925,-6.423080,-0.008386,-0.362102,0.000000
182,1.820000,1828,-9.138492,162.449722,9.393339,-4.319968,-0.037015,-6.762851,0.003941,-0.459897,0.000000
182,1.820000,1829,-2.658275,169.309174,10.119040,-3.227999,0.167145,-6.495340,-0.016518,-0.319003,0.000000
183,1.830000,1830,-3.810764,169.481323,13.732906,-2.774598,-0.037055,-7.073451,0.002698,-0.202040,0.000000
183,1.830000,1831,-2.557231,165.652191,20.983553,-3.257488,-0.622465,-7.146730,0.029664,-0.155240,0.000000
183,1.830000,1832,-1.312061,169.073212,24.396996,-4.760879,-0.613965,-7.050662,0.025166,-0.195142,0.000000
183,1.830000,1833,-0.499805,167.523102,18.401966,-4.678469,-0.276366,-6.922269,0.015018,-0.254237,0.000000
183,1.830000,1834,-3.992923,167.875061,14.070959,-4.000518,-0.237665,-6.403739,0.016890,-0.284310,0.000000
183,1.830000,1835,-5.274790,172.500320,11.502108,-3.303158,0.046915,-6.555930,-0.004079,-0.287178,0.000000
183,1.830000,1836,-5.718024,165.225159,11.361588,-2.779559,0.074144,-7.667853,-0.006526,-0.244645,0.000000
183,1.830000,1837,-6.401073,168.359756,13.118374,-4.111486,-0.011865,-8.515161,0.000904,-0.313414,0.000000
183,1.830000,1838,-5.320973,165.425949,19.251320,-5.126697,-0.255285,-7.454351,0.013261,-0.266304,0.000000
183,1.830000,1839,-5.039133,159.470581,25.329765,-4.874097,-0.342866,-7.149610,0.013536,-0.192426,0.000000
184,1.840000,1840,-1.450145,164.767853,21.889776,-3.627149,-0.120775,-6.021569,0.005517,-0.165701,0.000000
184,1.840000,1841,-2.928686,160.706085,14.383247,-2.296830,-0.286845,-6.896938,0.019943,-0.159688,0.000000
184,1.840000,1842,-4.141262,158.378418,9.943901,-3.029219,-0.338915,-6.677350,0.034083,-0.304631,0.000000
184,1.840000,1843,-4.935435,152.079926,12.586792,-4.504828,-0.034575,-7.672260,0.002747,-0.357901,0.000000
184,1.840000,1844,-5.866379,151.286148,20.337049,-5.529769,-0.033136,-7.106412,0.001629,-0.271906,0.000000
184,1.840000,1845,-6.937520,151.537048,24.034718,-3.856239,-0.285606,-7.617062,0.011883,-0.160445,0.000000
184,1.840000,1846,-4.653250,149.237061,24.358831,-2.130598,-0.128795,-6.856631,0.005287,-0.087467,0.000000
184,1.840000,1847,-1.795011,153.875336,19.997036,-3.468339,-0.187275,-7.206450,0.009365,-0.173443,0.000000
184,1.840000,1848,-3.457806,142.867340,12.163225,-4.003119,-0.306095,-6.551002,0.025166,-0.329117,0.000000
184,1.840000,1849,-3.430220,143.503418,10.000299,-4.737059,-0.402485,-7.240661,0.040247,-0.473692,0.000000
185,1.850000,1850,-5.792550,148.430603,18.471235,-4.060087,0.020265,-7.035702,-0.001097,-0.219806,0.000000
185,1.850000,1851,-6.738005,143.411362,24.836863,-2.647328,0.018465,-7.719600,-0.000743,-0.106589,0.000000
185,1.850000,1852,-7.244135,145.676422,23.610964,-3.231178,-0.150776,-7.003681,0.006386,-0.136851,0.000000
185,1.850000,1853,-6.118759,146.286362,19.563347,-4.870717,-0.339156,-7.060149,0.017336,-0.248972,0.000000
185,1.850000,1854,-1.170154,141.189331,13.357264,-3.723058,-0.248055,-6.568881,0.018571,-0.278729,0.000000
185,1.850000,1855,-3.978512,114.380898,13.594715,-1.529838,-0.380145,-7.289249,0.027963,-0.112532,0.000000
185,1.850000,1856,-4.521003,120.544952,15.421879,-2.868178,-0.258245,-7.058129,0.016745,-0.185981,0.000000
185,1.850000,1857,-6.769919,81.206871,21.064497,-1.814089,0.029625,-7.671580,-0.001406,-0.086121,0.000000
185,1.850000,1858,-7.197213,62.621246,23.175114,-3.306158,0.064056,-6.963709,-0.002764,-0.142660,0.000000
185,1.850000,1859,-7.614290,78.232368,22.236115,-5.549578,-0.154296,-7.289160,0.006939,-0.249575,0.000000
186,1.860000,1860,-5.449106,54.424911,16.182957,-1.728528,-0.292545,-7.157631,0.018077,-0.106812,0.000000
186,1.860000,1861,-1.858309,67.157730,11.911711,-0.530498,-0.273175,-7.727971,0.022933,-0.044536,0.000000
186,1.860000,1862,-2.570162,58.652222,12.409998,-0.642819,-0.449636,-6.897531,0.036232,-0.051798,0.000000
186,1.860000,1863,-3.545631,41.250969,15.078849,-3.017687,-0.249264,-7.094889,0.016531,-0.200127,0.000000
186,1.860000,1864,-5.225471,66.516418,19.405802,-6.424389,-0.134035,-6.781430,0.006907,-0.331055,0.000000
186,1.860000,1865,-8.022406,47.350040,22.105442,-2.114298,0.072575,-8.009930,-0.003283,-0.095646,0.000000
186,1.860000,1866,-7.487873,52.763672,19.459009,0.526091,0.049025,-7.629461,-0.002519,0.027036,0.000000
186,1.860000,1867,-6.736797,50.330872,14.278217,0.082902,-0.107675,-7.582921,0.007541,0.005806,0.000000
186,1.860000,1868,-3.282714,15.152023,11.690347,-1.703019,-0.228525,-6.513000,0.019548,-0.145677,0.000000
186,1.860000,1869,-1.895511,28.674911,13.122783,-5.694159,-0.263275,-7.015202,0.020062,-0.433914,0.000000
187,1.870000,1870,-4.556910,16.308992,20.621624,-3.176048,-0.296725,-7.296800,0.014389,-0.154015,0.000000
187,1.870000,1871,-6.209643,21.604555,26.081846,0.165292,0.058205,-8.190850,-0.002232,0.006337,0.000000
187,1.870000,1872,-6.889605,32.800190,23.769506,0.503933,0.028574,-7.465790,-0.001202,0.021201,0.000000
187,1.870000,1873,-6.904044,5.035338,14.360657,-0.758439,-0.056974,-7.099271,0.003967,-0.052814,0.000000
187,1.870000,1874,-3.573832,10.373164,11.049245,-4.725389,-0.239015,-6.610631,0.021632,-0.427666,0.000000
187,1.870000,1875,-2.888173,-0.434116,14.184590,-3.684149,-0.308666,-7.499401,0.021761,-0.259729,0.000000
187,1.870000,1876,-3.018313,-6.800261,22.326330,-0.167519,-0.324655,-7.824620,0.014541,-0.007503,0.000000
187,1.870000,1877,-4.777381,4.658637,27.033607,0.785511,-0.265295,-7.829551,0.009814,0.029057,0.000000
187,1.870000,1878,-7.297924,-20.587286,24.315527,-0.043858,-0.177355,-6.945720,0.007294,-0.001804,0.000000
187,1.870000,1879,-5.956155,-16.222956,16.487261,-4.236707,0.042106,-6.862360,-0.002554,-0.256968,0.000000
188,1.880000,1880,-6.598688,-16.190851,12.771596,-4.093528,0.012796,-7.258359,-0.001002,-0.320518,0.000000
188,1.880000,1881,-6.494772,-22.175392,15.813989,-0.173718,0.011555,-8.054180,-0.000731,-0.010985,0.000000
188,1.880000,1882,-4.472529,-1.702473,22.265560,0.866942,-0.098285,-7.625980,0.004414,0.038936,0.000000
188,1.880000,1883,-4.803535,-11.299446,23.842995,-0.107458,-0.209776,-7.191239,0.008798,-0.004507,0.000000
188,1.880000,1884,-3.696383,-10.870199,20.514774,-3.426448,-0.298996,-6.635880,0.014575,-0.167023,0.000000
188,1.880000,1885,-4.789955,-6.900174,17.212513,-3.960308,-0.201755,-7.351989,0.011721,-0.230083,0.000000
188,1.880000,1886,-5.937061,-12.739653,15.979942,-0.798778,-0.012715,-7.739220,0.000796,-0.049986,0.000000
188,1.880000,1887,-7.717740,-1.734676,16.638842,0.809271,-0.001395,-7.892830,0.000084,0.048637,0.000000
188,1.880000,1888,-8.240005,-10.881642,18.936207,0.376901,-0.122205,-7.133140,0.006454,0.019904,0.000000
188,1.880000,1889,-4.477421,-13.245894,20.514881,-2.756078,-0.040985,-6.856081,0.001998,-0.134345,0.000000
189,1.890000,1890,-4.209823,-8.428356,19.752026,-4.237549,-0.421896,-7.055670,0.021360,-0.214537,0.000000
189,1.890000,1891,-4.186589,-12.193766,18.663967,-1.464788,-0.374915,-7.937310,0.020088,-0.078482,0.000000
189,1.890000,1892,-4.833441,3.146909,17.370481,0.447222,-0.161416,-7.766911,0.009293,0.025746,0.000000
189,1.890000,1893,-6.686593,1.070095,16.235043,0.474211,0.000315,-7.258410,-0.000019,0.029209,0.000000
189,1.890000,1894,-5.796154,-2.221673,15.543615,-2.189398,-0.051535,-6.618110,0.003316,-0.140855,0.000000
189,1.890000,1895,-6.351185,3.520686,17.347965,-4.207078,-0.227995,-7.176990,0.013142,-0.242511,0.000000
189,1.890000,1896,-5.523395,-0.946775,20.033333,-2.396879,-0.143464,-7.609580,0.007161,-0.119645,0.000000
189,1.890000,1897,-4.345333,12.097738,21.389977,-0.455578,-0.192325,-8.001050,0.008991,-0.021299,0.000000
189,1.890000,1898,-5.993883,13.505863,17.998674,0.401993,-0.216315,-7.258081,0.012018,0.022335,0.000000
189,1.890000,1899,-4.607296,7.118145,15.449939,-1.202638,-0.195155,-6.798000,0.012631,-0.077841,0.000000
190,1.900000,1900,-5.408970,12.233075,14.636586,-3.539027,-0.132966,-6.768089,0.009084,-0.241793,0.000000
190,1.900000,1901,-6.159010,6.979009,17.705967,-2.750728,0.023875,-7.610190,-0.001348,-0.155356,0.000000
190,1.900000,1902,-6.087433,15.932332,22.051262,-1.048578,-0.077585,-7.764471,0.003518,-0.047552,0.000000
190,1.900000,1903,-6.495135,20.107811,22.720833,0.171622,-0.098025,-7.597260,0.004314,0.007553,0.000000
190,1.900000,1904,-4.113033,12.123918,19.843897,-0.870488,-0.176605,-6.859310,0.008900,-0.043867,0.000000
190,1.900000,1905,-3.457523,15.849304,14.241173,-3.208267,-0.386756,-6.862790,0.027158,-0.225281,0.000000
190,1.900000,1906,-3.858465,8.844297,13.601936,-2.895538,-0.306446,-7.185259,0.022530,-0.212877,0.000000
190,1.900000,1907,-3.666752,12.106936,17.604404,-1.567998,-0.156755,-7.790420,0.008904,-0.089069,0.000000
190,1.900000,1908,-6.398326,17.926161,21.621342,-0.360569,-0.141125,-7.493801,0.006527,-0.016677,0.000000
190,1.900000,1909,-6.066525,8.289574,21.694550,-0.626719,-0.123095,-7.232411,0.005674,-0.028888,0.000000
191,1.910000,1910,-4.831164,11.091263,18.008059,-2.861678,-0.158435,-6.861819,0.008798,-0.158911,0.000000
191,1.910000,1911,-4.271064,5.571136,15.137065,-2.753018,-0.228546,-7.281859,0.015098,-0.181873,0.000000
191,1.910000,1912,-3.328231,2.874396,15.530970,-1.436898,-0.137034,-7.619580,0.008823,-0.092518,0.000000
191,1.910000,1913,-5.525172,10.211560,18.386543,-0.503258,-0.145945,-7.630240,0.007938,-0.027371,0.000000
191,1.910000,1914,-5.440029,0.351836,21.464252,-0.345388,-0.141536,-7.243250,0.006594,-0.016091,0.000000
191,1.910000,1915,-5.826183,1.271244,19.604893,-2.141727,-0.107095,-7.085569,0.005463,-0.109245,0.000000
191,1.910000,1916,-5.828981,-2.662064,17.428574,-2.805669,-0.203065,-7.132969,0.011651,-0.160981,0.000000
191,1.910000,1917,-4.122693,-7.160822,17.138027,-1.691579,-0.173365,-7.627380,0.010116,-0.098703,0.000000
191,1.910000,1918,-4.786581,0.103294,17.378468,-0.538309,-0.157635,-7.519720,0.009071,-0.030976,0.000000
191,1.910000,1919,-4.104331,-7.359363,17.768055,-0.126388,-0.173926,-7.281870,0.009789,-0.007113,0.000000
192,1.920000,1920,-4.591175,-7.772065,19.326777,-1.803659,-0.195555,-7.083750,0.010118,-0.093324,0.000000
192,1.920000,1921,-5.681100,-7.706353,19.699202,-2.721278,-0.197665,-7.264560,0.010034,-0.138142,0.000000
192,1.920000,1922,-5.318271,-12.990344,18.629887,-1.848808,-0.131184,-7.463420,0.007042,-0.099239,0.000000
192,1.920000,1923,-6.622221,-5.275261,18.917206,-0.720838,-0.145886,-7.618790,0.007712,-0.038105,0.000000
192,1.920000,1924,-5.102583,-9.096545,18.257597,-0.130008,-0.072365,-7.314139,0.003964,-0.007121,0.000000
192,1.920000,1925,-4.559027,-11.275796,16.742477,-1.289519,-0.143106,-7.125050,0.008547,-0.077021,0.000000
192,1.920000,1926,-4.897714,-9.284115,17.878643,-2.719198,-0.207796,-7.158891,0.011623,-0.152092,0.000000
192,1.920000,1927,-4.989310,-14.760872,20.143482,-2.053178,-0.116456,-7.475480,0.005781,-0.101928,0.000000
192,1.920000,1928,-6.624752,-8.997492,20.822302,-1.049449,-0.097356,-7.569271,0.004676,-0.050400,0.000000
192,1.920000,1929,-6.663740,-9.868583,19.687988,-0.373948,-0.049315,-7.421680,0.002505,-0.018994,0.000000
193,1.930000,1930,-5.948929,-12.533491,17.903522,-1.167728,-0.159615,-7.212539,0.008915,-0.065223,0.000000
193,1.930000,1931,-5.519771,-9.017494,15.599703,-2.443149,-0.236205,-7.146760,0.015142,-0.156615,0.000000
193,1.930000,1932,-4.242473,-13.264632,17.159609,-1.975378,-0.177554,-7.389230,0.010347,-0.115118,0.000000
193,1.930000,1933,-5.061542,-8.419825,18.972412,-1.142349,-0.268215,-7.488150,0.014137,-0.060211,0.000000
193,1.930000,1934,-5.384212,-6.230403,20.831173,-0.613839,-0.235846,-7.419880,0.011322,-0.029467,0.000000
193,1.930000,1935,-5.786910,-9.691953,20.075071,-1.015349,-0.056366,-7.309991,0.002808,-0.050578,0.000000
193,1.930000,1936,-6.232700,-6.139646,17.422779,-2.224077,-0.123925,-7.175319,0.007113,-0.127653,0.000000
193,1.930000,1937,-5.720801,-8.590454,16.735384,-1.974838,-0.099586,-7.405900,0.005951,-0.118004,0.000000
193,1.930000,1938,-5.769540,-5.535482,17.457291,-1.271488,-0.103345,-7.366130,0.005920,-0.072834,0.000000
193,1.930000,1939,-4.862904,-1.401506,19.560982,-0.748438,-0.162275,-7.333880,0.008296,-0.038262,0.000000
194,1.940000,1940,-4.847893,-4.701274,20.021973,-0.957288,-0.209685,-7.216080,0.010473,-0.047812,0.000000
194,1.940000,1941,-4.890593,-1.412696,19.284006,-2.092038,-0.210795,-7.280840,0.010931,-0.108486,0.000000
194,1.940000,1942,-4.753154,-2.952313,17.070330,-2.160058,-0.103875,-7.349910,0.006085,-0.126539,0.000000
194,1.940000,1943,-5.576545,-2.048155,17.440781,-1.430187,-0.094965,-7.500870,0.005445,-0.082002,0.000000
194,1.940000,1944,-6.187703,2.373554,18.090168,-0.922938,-0.125055,-7.332060,0.006913,-0.051019,0.000000
194,1.940000,1945,-5.698358,-0.497954,18.862160,-0.935168,-0.102046,-7.272059,0.005410,-0.049579,0.000000
194,1.940000,1946,-5.036171,0.104676,18.585911,-1.884548,-0.217124,-7.289610,0.011682,-0.101397,0.000000
194,1.940000,1947,-3.889201,0.735326,18.127737,-2.255278,-0.212954,-7.337930,0.011747,-0.124410,0.000000
194,1.940000,1948,-4.185420,-0.788093,17.387112,-1.481538,-0.226875,-7.412610,0.013048,-0.085209,0.000000
194,1.940000,1949,-4.767622,4.278107,18.061037,-1.006258,-0.255505,-7.283940,0.014147,-0.055714,0.000000
195,1.950000,1950,-5.405979,1.001186,17.419315,-1.006088,-0.086805,-7.274269,0.004983,-0.057757,0.000000
195,1.950000,1951,-5.877380,0.384113,17.415180,-1.820949,-0.108355,-7.238150,0.006222,-0.104561,0.000000
195,1.950000,1952,-5.384220,1.456986,18.150377,-2.292158,-0.085995,-7.343960,0.004738,-0.126287,0.000000
195,1.950000,1953,-4.923491,-2.074086,19.279707,-1.639929,-0.114995,-7.535001,0.005965,-0.085060,0.000000
195,1.950000,1954,-4.233122,2.272764,18.842567,-1.059169,-0.230774,-7.369000,0.012247,-0.056211,0.000000
195,1.950000,1955,-4.186296,-0.794747,18.496220,-0.849728,-0.178084,-7.196379,0.009628,-0.045941,0.000000
195,1.950000,1956,-4.098786,0.745774,16.629230,-1.690279,-0.221486,-7.151460,0.013319,-0.101645,0.000000
195,1.950000,1957,-4.960973,-2.931552,16.294239,-1.876329,-0.113475,-7.236540,0.006964,-0.115153,0.000000
195,1.950000,1958,-5.685625,-4.203873,18.142298,-1.889909,-0.100146,-7.421690,0.005520,-0.104171,0.000000
195,1.950000,1959,-5.698672,3.444928,18.470886,-1.606078,-0.151706,-7.441890,0.008213,-0.086952,0.000000
196,1.960000,1960,-5.965238,-5.096342,19.676117,-0.590988,-0.114615,-7.333689,0.005825,-0.030036,0.000000
196,1.960000,1961,-4.938183,-2.499522,18.876343,-1.265468,-0.164316,-7.240740,0.008705,-0.067040,0.000000
196,1.960000,1962,-4.139954,-3.645235,16.349133,-1.988548,-0.172925,-7.284000,0.010577,-0.121630,0.000000
196,1.960000,1963,-4.434772,-12.824901,17.158031,-1.433189,-0.186795,-7.352740,0.010887,-0.083529,0.000000
196,1.960000,1964,-5.092904,-5.126584,18.191662,-1.570918,-0.170665,-7.400209,0.009382,-0.086354,0.000000
196,1.960000,1965,-6.210941,-5.719551,19.644024,-1.121649,-0.126115,-7.327839,0.006420,-0.057099,0.000000
196,1.960000,1966,-6.118948,-7.920892,19.307232,-0.952888,-0.071704,-7.300280,0.003714,-0.049354,0.000000
196,1.960000,1967,-5.603089,-2.681411,17.769300,-1.748989,-0.046715,-7.311211,0.002629,-0.098428,0.000000
196,1.960000,1968,-5.170295,-10.177045,17.184566,-1.557679,-0.221325,-7.426900,0.012879,-0.090644,0.000000
196,1.960000,1969,-4.496103,-6.245645,17.450420,-1.657879,-0.239886,-7.323640,0.013747,-0.095005,0.000000
197,1.970000,1970,-5.101862,-5.141724,18.227165,-1.292488,-0.170676,-7.335649,0.009364,-0.070910,0.000000
197,1.970000,1971,-5.334123,-9.489465,19.683735,-0.951859,-0.084325,-7.269411,0.004284,-0.048358,0.000000
197,1.970000,1972,-5.883918,-3.760331,18.888853,-1.631239,-0.109866,-7.246740,0.005816,-0.086360,0.000000
197,1.970000,1973,-6.220078,-9.460552,18.270056,-1.520569,-0.123995,-7.353690,0.006787,-0.083227,0.000000
197,1.970000,1974,-5.693401,-8.155244,17.459974,-1.572379,-0.099285,-7.403530,0.005686,-0.090056,0.000000
197,1.970000,1975,-5.291072,-4.890243,17.795139,-1.508648,-0.130335,-7.319990,0.007324,-0.084779,0.000000
197,1.970000,1976,-5.354153,-9.923374,18.575043,-1.000058,-0.231826,-7.266310,0.012481,-0.053839,0.000000
197,1.970000,1977,-4.857524,-4.709384,18.948986,-1.451888,-0.160026,-7.368049,0.008445,-0.076621,0.000000
197,1.970000,1978,-5.252822,-7.964064,18.220533,-1.583259,-0.177115,-7.299420,0.009721,-0.086894,0.000000
197,1.970000,1979,-5.310384,-9.052405,17.481199,-1.673069,-0.179476,-7.408649,0.010267,-0.095707,0.000000
198,1.980000,1980,-5.653579,-3.557722,17.415096,-1.639559,-0.098045,-7.317170,0.005630,-0.094146,0.000000
198,1.980000,1981,-5.604651,-6.623943,17.800354,-1.289488,-0.145486,-7.364349,0.008173,-0.072442,0.000000
198,1.980000,1982,-5.017082,0.119695,18.150749,-1.527118,-0.167596,-7.346300,0.009234,-0.084135,0.000000
198,1.980000,1983,-5.107392,-5.351944,17.835400,-1.210098,-0.220136,-7.296310,0.012343,-0.067848,0.000000
198,1.980000,1984,-4.730044,-2.519162,18.177763,-1.829419,-0.153295,-7.352410,0.008433,-0.100640,0.000000
198,1.980000,1985,-5.552400,-1.603064,18.909077,-1.591119,-0.193035,-7.355051,0.010209,-0.084146,0.000000
198,1.980000,1986,-5.737141,-8.820642,18.965561,-0.983487,-0.201006,-7.307920,0.010598,-0.051856,0.000000
198,1.980000,1987,-5.451089,0.146816,18.509481,-1.739198,-0.040416,-7.343601,0.002184,-0.093963,0.000000
198,1.980000,1988,-5.622030,-2.911582,18.539242,-1.460288,-0.146646,-7.355340,0.007910,-0.078767,0.000000
198,1.980000,1989,-4.813804,-4.251454,18.136795,-1.324718,-0.157896,-7.278539,0.008706,-0.073040,0.000000
199,1.990000,1990,-4.901993,-1.644635,18.554710,-1.378719,-0.211146,-7.319070,0.011380,-0.074306,0.000000
199,1.990000,1991,-4.740735,-6.473534,18.614998,-1.302378,-0.301325,-7.339669,0.016187,-0.069964,0.000000
199,1.990000,1992,-4.845464,-0.752096,18.881807,-2.048598,-0.159705,-7.379170,0.008458,-0.108496,0.000000
199,1.990000,1993,-5.702628,-0.290354,18.545589,-1.582638,-0.052145,-7.319739,0.002812,-0.085338,0.000000
199,1.990000,1994,-5.357742,-5.998143,18.195335,-0.828918,-0.084875,-7.367680,0.004665,-0.045557,0.000000
199,1.990000,1995,-5.222290,0.351766,17.774826,-1.607798,-0.127636,-7.273770,0.007181,-0.090454,0.000000
199,1.990000,1996,-4.939924,-6.434664,18.166897,-1.508389,-0.163346,-7.288639,0.008991,-0.083030,0.000000
199,1.990000,1997,-4.202281,-4.737311,18.204647,-1.729848,-0.227135,-7.400650,0.012477,-0.095022,0.000000
199,1.990000,1998,-4.523921,1.192564,18.885954,-1.998328,-0.145235,-7.452110,0.007690,-0.105810,0.000000
199,1.990000,1999,-5.186802,-2.939973,18.910069,-0.967298,-0.176175,-7.357690,0.009316,-0.051153,0.000000
200,2.000000,2000,-5.718708,-0.932754,18.483650,-0.843678,-0.053436,-7.268909,0.002891,-0.045645,0.000000
200,2.000000,2001,-5.848968,-3.113601,17.792591,-1.590279,-0.156435,-7.280859,0.008792,-0.089379,0.000000
200,2.000000,2002,-5.197334,-7.077414,17.814081,-1.972159,-0.125535,-7.363359,0.007047,-0.110708,0.000000
200,2.000000,2003,-4.767282,-3.378274,17.405210,-1.926599,-0.154895,-7.418060,0.008899,-0.110691,0.000000
200,2.000000,2004,-4.794312,-7.564795,19.334156,-0.689148,-0.206844,-7.447900,0.010698,-0.035644,0.000000
200,2.000000,2005,-4.634405,-8.451746,19.732437,-0.862918,-0.149586,-7.276720,0.007581,-0.043731,0.000000
200,2.000000,2006,-5.166671,-2.697302,17.763632,-1.887679,-0.124185,-7.164390,0.006991,-0.106266,0.000000
200,2.000000,2007,-5.353972,-9.713154,17.138296,-1.715819,-0.131495,-7.308270,0.007673,-0.100116,0.000000
200,2.000000,2008,-6.113442,-3.972471,18.165800,-1.761759,-0.218645,-7.462770,0.012036,-0.096982,0.000000
200,2.000000,2009,-5.862894,-3.343342,18.541248,-1.019458,-0.159065,-7.541540,0.008579,-0.054983,0.000000
201,2.010000,2010,-5.204733,-7.100654,18.582317,-0.850508,-0.126925,-7.302840,0.006830,-0.045770,0.000000
201,2.010000,2011,-4.456944,-1.640222,18.871016,-1.866738,-0.141004,-7.092279,0.007472,-0.098921,0.000000
201,2.010000,2012,-4.612406,-8.214384,17.483419,-1.711710,-0.146126,-7.225900,0.008358,-0.097905,0.000000
201,2.010000,2013,-5.323963,-5.336153,17.463215,-1.702249,-0.180955,-7.474230,0.010362,-0.097476,0.000000
201,2.010000,2014,-5.845494,-3.113022,18.516418,-1.308848,-0.158206,-7.499460,0.008544,-0.070686,0.000000
201,2.010000,2015,-6.128602,-8.138663,18.933662,-0.871839,-0.121665,-7.409440,0.006426,-0.046047,0.000000
201,2.010000,2016,-6.050220,-2.876734,18.141813,-1.669919,-0.116715,-7.202990,0.006433,-0.092048,0.000000
201,2.010000,2017,-5.250212,-7.750563,18.614687,-1.807259,-0.127526,-7.197950,0.006851,-0.097088,0.000000
201,2.010000,2018,-4.779512,-7.332265,17.843067,-1.540779,-0.204465,-7.405621,0.011459,-0.086352,0.000000
201,2.010000,2019,-4.736932,-2.738584,18.533134,-1.326238,-0.204065,-7.460920,0.011011,-0.071560,0.000000
202,2.020000,2020,-5.028484,-7.977215,18.933689,-0.737858,-0.168345,-7.335229,0.008891,-0.038971,0.000000
202,2.020000,2021,-5.428739,-3.357222,18.174641,-1.509668,-0.185655,-7.173599,0.010215,-0.083065,0.000000
202,2.020000,2022,-5.561929,-5.750272,17.813589,-1.752168,-0.142105,-7.144660,0.007977,-0.098361,0.000000
202,2.020000,2023,-6.089323,-7.469832,18.175543,-1.603029,-0.118885,-7.366291,0.006541,-0.088197,0.000000
202,2.020000,2024,-5.579625,-2.047625,18.186504,-1.572098,-0.095576,-7.503221,0.005255,-0.086443,0.000000
202,2.020000,2025,-5.173023,-6.456144,18.975151,-0.951758,-0.174845,-7.482469,0.009214,-0.050158,0.000000
202,2.020000,2026,-5.085671,-1.180745,18.508442,-1.536859,-0.121316,-7.200440,0.006555,-0.083036,0.000000
202,2.020000,2027,-4.572053,0.313495,17.791130,-1.606288,-0.194995,-7.236470,0.010960,-0.090286,0.000000
202,2.020000,2028,-5.003884,-7.742064,18.150940,-1.024408,-0.166406,-7.284609,0.009168,-0.056438,0.000000
202,2.020000,2029,-5.012243,0.129475,18.127434,-1.666478,-0.168056,-7.417050,0.009271,-0.091931,0.000000
203,2.030000,2030,-5.797420,-5.972372,18.944698,-1.253618,-0.105775,-7.371050,0.005583,-0.066173,0.000000
203,2.030000,2031,-5.593760,-6.198013,18.948530,-1.524749,-0.095786,-7.299400,0.005055,-0.080468,0.000000
203,2.030000,2032,-5.296540,-0.956075,18.895840,-1.619569,-0.180926,-7.278460,0.009575,-0.085710,0.000000
203,2.030000,2033,-5.047274,-8.202736,17.855141,-1.080797,-0.118575,-7.374589,0.006641,-0.060531,0.000000
203,2.030000,2034,-4.451952,-1.446547,17.807129,-1.526769,-0.189785,-7.423620,0.010658,-0.085739,0.000000
203,2.030000,2035,-4.824144,-4.268074,18.186111,-1.327499,-0.256295,-7.357490,0.014093,-0.072995,0.000000
203,2.030000,2036,-4.749535,-6.889125,18.550060,-1.278198,-0.105206,-7.255050,0.005671,-0.068905,0.000000
203,2.030000,2037,-5.250210,-0.286835,18.483816,-1.856809,-0.129235,-7.229790,0.006992,-0.100456,0.000000
203,2.030000,2038,-5.634460,-7.067842,18.936008,-1.201239,-0.196096,-7.294850,0.010356,-0.063437,0.000000
203,2.030000,2039,-4.943684,-2.506132,18.157833,-1.548138,-0.065646,-7.388690,0.003615,-0.085260,0.000000
204,2.040000,2040,-5.374611,-2.479771,18.515331,-1.477778,-0.135386,-7.385390,0.007312,-0.079814,0.000000
204,2.040000,2041,-4.979054,-7.099074,17.820999,-1.268308,-0.213956,-7.328769,0.012006,-0.071169,0.000000
204,2.040000,2042,-5.050172,-0.526295,17.771713,-1.707079,-0.218065,-7.310180,0.012270,-0.096056,0.000000
204,2.040000,2043,-5.151503,-6.218273,18.932095,-1.239808,-0.173486,-7.291890,0.009164,-0.065487,0.000000
204,2.040000,2044,-5.241952,-4.017083,18.523800,-1.407878,-0.128826,-7.317400,0.006955,-0.076004,0.000000
204,2.040000,2045,-5.366170,-2.264591,18.526005,-1.488738,-0.134536,-7.278750,0.007262,-0.080359,0.000000
204,2.040000,2046,-5.459392,-7.741194,18.591747,-1.243149,-0.138465,-7.374741,0.007448,-0.066866,0.000000
204,2.040000,2047,-5.141992,-2.060925,18.543722,-1.780879,-0.123935,-7.353880,0.006683,-0.096037,0.000000
204,2.040000,2048,-5.360832,-5.993753,18.574390,-1.321828,-0.134026,-7.367860,0.007216,-0.071164,0.000000
204,2.040000,2049,-4.684052,-5.793725,18.526356,-1.326248,-0.102725,-7.356530,0.005545,-0.071587,0.000000
205,2.050000,2050,-5.166462,-2.501082,18.177410,-1.550318,-0.075796,-7.356920,0.004170,-0.085288,0.000000
205,2.050000,2051,-5.255563,-7.970134,18.224941,-1.303389,-0.079226,-7.304410,0.004347,-0.071517,0.000000
205,2.050000,2052,-5.224192,-3.583933,17.802715,-1.710608,-0.127375,-7.322520,0.007155,-0.096087,0.000000
205,2.050000,2053,-5.546931,-5.537232,17.808384,-1.480198,-0.142445,-7.396580,0.007999,-0.083118,0.000000
205,2.050000,2054,-5.418392,-7.079904,17.829041,-1.271228,-0.136355,-7.334780,0.007648,-0.071301,0.000000
205,2.050000,2055,-5.393560,-2.703661,18.168087,-1.540198,-0.086295,-7.283291,0.004750,-0.084775,0.000000
205,2.050000,2056,-5.439072,-7.511964,18.558521,-1.250519,-0.137706,-7.331161,0.007420,-0.067382,0.000000
205,2.050000,2057,-5.286722,-4.477043,18.235775,-1.605069,-0.179355,-7.408580,0.009835,-0.088018,0.000000
205,2.050000,2058,-5.477462,-4.229272,18.915546,-1.470919,-0.189546,-7.397141,0.010021,-0.077762,0.000000
205,2.050000,2059,-4.981964,-7.101845,18.196068,-1.199329,-0.165317,-7.332439,0.009085,-0.065911,0.000000
206,2.060000,2060,-4.940773,-2.501172,17.776749,-1.476709,-0.114256,-7.242710,0.006427,-0.083070,0.000000
206,2.060000,2061,-5.155302,-6.222513,17.469627,-1.380958,-0.172536,-7.296380,0.009876,-0.079049,0.000000
206,2.060000,2062,-5.310182,-5.116883,18.191252,-1.571368,-0.081985,-7.361050,0.004507,-0.086380,0.000000
206,2.060000,2063,-5.639440,-3.138042,18.197407,-1.521898,-0.196045,-7.395250,0.010773,-0.083633,0.000000
206,2.060000,2064,-5.399413,-6.650444,18.588020,-1.292928,-0.234816,-7.483610,0.012633,-0.069557,0.000000
206,2.060000,2065,-5.390810,-2.701451,18.530354,-1.469069,-0.135646,-7.280471,0.007320,-0.079279,0.000000
206,2.060000,2066,-5.303111,-4.904853,18.576382,-1.372128,-0.130956,-7.257780,0.007050,-0.073864,0.000000
206,2.060000,2067,-4.884784,-5.353694,18.186493,-1.418808,-0.259235,-7.326759,0.014254,-0.078014,0.000000
206,2.060000,2068,-5.190942,-2.937613,18.188911,-1.530229,-0.273726,-7.359540,0.015049,-0.084130,0.000000
206,2.060000,2069,-4.730222,-6.462405,18.201042,-1.229118,-0.153706,-7.404350,0.008445,-0.067530,0.000000
207,2.070000,2070,-5.220062,-3.582433,18.157192,-1.498678,-0.078366,-7.318500,0.004316,-0.082539,0.000000
207,2.070000,2071,-5.678540,-3.995702,18.894108,-1.339668,-0.100576,-7.320590,0.005323,-0.070904,0.000000
207,2.070000,2072,-5.342052,-5.764143,18.541769,-1.470418,-0.034806,-7.324580,0.001877,-0.079303,0.000000
207,2.070000,2073,-5.601550,-2.681791,17.768681,-1.607769,-0.145175,-7.310911,0.008170,-0.090483,0.000000
207,2.070000,2074,-4.903724,-5.583634,18.211937,-1.270638,-0.161636,-7.369140,0.008875,-0.069770,0.000000
207,2.070000,2075,-4.786254,-3.811824,17.757393,-1.413368,-0.205425,-7.273149,0.011568,-0.079593,0.000000
207,2.070000,2076,-4.988683,-3.371973,18.155464,-1.507038,-0.264185,-7.244529,0.014551,-0.083007,0.000000
207,2.070000,2077,-4.695775,-5.807214,17.832935,-1.469948,-0.101925,-7.292619,0.005716,-0.082429,0.000000
207,2.070000,2078,-5.601550,-2.681791,17.768681,-1.607769,-0.145175,-7.310911,0.008170,-0.090483,0.000000
207,2.070000,2079,-5.545521,-5.332373,18.212337,-1.423518,-0.093456,-7.442110,0.005131,-0.078162,0.000000
208,2.080000,2080,-5.289662,-4.685383,18.199108,-1.451968,-0.081346,-7.365520,0.004470,-0.079782,0.000000
208,2.080000,2081,-5.193882,-3.145953,18.152237,-1.377128,-0.175715,-7.316479,0.009680,-0.075865,0.000000
208,2.080000,2082,-4.887724,-5.562035,18.149818,-1.265708,-0.161226,-7.283699,0.008883,-0.069737,0.000000
208,2.080000,2083,-4.758834,-3.166954,17.782551,-1.586558,-0.105505,-7.313589,0.005933,-0.089220,0.000000
208,2.080000,2084,-5.080142,-4.703773,18.231228,-1.594178,-0.169465,-7.335429,0.009295,-0.087442,0.000000
208,2.080000,2085,-5.315872,-5.327663,18.536823,-1.348868,-0.132156,-7.322560,0.007129,-0.072767,0.000000
208,2.080000,2086,-5.869448,-3.343391,18.563160,-1.442799,-0.157906,-7.325289,0.008506,-0.077724,0.000000
208,2.080000,2087,-5.797260,-5.971812,18.207363,-1.393728,-0.105066,-7.370200,0.005771,-0.076548,0.000000
208,2.080000,2088,-5.695790,-4.221601,17.814930,-1.541389,-0.149265,-7.359651,0.008379,-0.086522,0.000000
208,2.080000,2089,-5.263482,-4.248903,18.194153,-1.330418,-0.178696,-7.363500,0.009822,-0.073123,0.000000
209,2.090000,2090,-4.905134,-5.788494,17.807976,-1.327318,-0.210626,-7.323609,0.011828,-0.074535,0.000000
209,2.090000,2091,-4.781934,-3.604194,17.786278,-1.425668,-0.205075,-7.315009,0.011530,-0.080155,0.000000
209,2.090000,2092,-5.110502,-5.556984,18.169388,-1.267888,-0.171376,-7.251929,0.009432,-0.069782,0.000000
209,2.090000,2093,-5.291232,-4.890803,18.532475,-1.368538,-0.131046,-7.320840,0.007071,-0.073845,0.000000
209,2.090000,2094,-5.694740,-4.219572,18.915144,-1.471369,-0.100866,-7.357981,0.005333,-0.077788,0.000000
209,2.090000,2095,-5.599452,-6.410984,19.300116,-1.442658,-0.145985,-7.403220,0.007564,-0.074749,0.000000
209,2.090000,2096,-5.675630,-3.992932,18.519032,-1.408648,-0.149216,-7.316921,0.008057,-0.076065,0.000000
209,2.090000,2097,-5.080332,-4.909904,18.556812,-1.369948,-0.120806,-7.289550,0.006510,-0.073825,0.000000
209,2.090000,2098,-4.857554,-4.914954,18.537243,-1.367768,-0.110656,-7.321320,0.005969,-0.073785,0.000000
209,2.090000,2099,-4.809324,-4.043264,17.428352,-1.477128,-0.156836,-7.319550,0.008999,-0.084754,0.000000
210,2.100000,2100,-4.899604,-5.578274,18.199749,-1.409708,-0.161166,-7.362950,0.008855,-0.077458,0.000000
210,2.100000,2101,-5.496410,-4.453162,18.568302,-1.533339,-0.140456,-7.295040,0.007564,-0.082578,0.000000
210,2.100000,2102,-5.484891,-4.641943,19.220640,-1.516409,-0.141136,-7.310900,0.007343,-0.078895,0.000000
210,2.100000,2103,-5.529521,-5.310773,18.150219,-1.418589,-0.093046,-7.356670,0.005126,-0.078158,0.000000
210,2.100000,2104,-5.452692,-3.997423,17.762135,-1.546578,-0.138355,-7.347840,0.007789,-0.087072,0.000000
210,2.100000,2105,-4.861514,-4.919754,17.812103,-1.368808,-0.110416,-7.326659,0.006199,-0.076847,0.000000
210,2.100000,2106,-5.042113,-4.458814,17.770622,-1.384918,-0.217535,-7.349739,0.012241,-0.077933,0.000000
210,2.100000,2107,-4.806575,-4.041054,17.790619,-1.405998,-0.206185,-7.316730,0.011590,-0.079030,0.000000
210,2.100000,2108,-5.081742,-5.114763,18.152859,-1.426628,-0.169795,-7.244020,0.009354,-0.078590,0.000000
210,2.100000,2109,-5.241792,-4.016523,17.786472,-1.547989,-0.128115,-7.316550,0.007203,-0.087032,0.000000
211,2.110000,2110,-5.293982,-4.893013,18.170208,-1.439669,-0.081696,-7.323660,0.004496,-0.079232,0.000000
211,2.110000,2111,-5.291232,-4.890803,18.532475,-1.368538,-0.131046,-7.320840,0.007071,-0.073845,0.000000
211,2.110000,2112,-5.470262,-4.224442,18.157627,-1.468079,-0.188465,-7.388600,0.010379,-0.080852,0.000000
211,2.110000,2113,-5.089983,-5.127674,18.183258,-1.288898,-0.170766,-7.398709,0.009391,-0.070884,0.000000
211,2.110000,2114,-4.789134,-3.609024,18.544197,-1.428508,-0.206156,-7.323549,0.011117,-0.077033,0.000000
211,2.110000,2115,-5.032462,-4.241043,18.144176,-1.465968,-0.167575,-7.240580,0.009236,-0.080796,0.000000
211,2.110000,2116,-5.061222,-4.683264,18.160706,-1.307228,-0.169156,-7.248490,0.009314,-0.071981,0.000000
211,2.110000,2117,-5.253831,-4.031132,18.567707,-1.411469,-0.128736,-7.254341,0.006933,-0.076017,0.000000
211,2.110000,2118,-5.499221,-4.868933,18.133068,-1.436109,-0.189926,-7.348460,0.010474,-0.079198,0.000000
211,2.110000,2119,-5.474581,-4.432073,18.128735,-1.455778,-0.188815,-7.346740,0.010415,-0.080302,0.000000
212,2.120000,2120,-5.505570,-4.672762,18.568747,-1.522089,-0.140375,-7.324739,0.007560,-0.081970,0.000000
212,2.120000,2121,-5.080332,-4.909904,18.556812,-1.369948,-0.120806,-7.289550,0.006510,-0.073825,0.000000
212,2.120000,2122,-4.793103,0.123285,18.121365,-1.805619,-0.156845,-7.231070,0.008655,-0.099640,0.000000
212,2.120000,2123,-4.975943,-3.160783,18.155991,-1.235588,-0.165105,-7.277499,0.009094,-0.068054,0.000000
212,2.120000,2124,-4.856044,-5.120904,18.124893,-1.142428,-0.159745,-7.274290,0.008814,-0.063031,0.000000
212,2.120000,2125,-5.241792,-4.016523,17.786472,-1.547989,-0.128115,-7.316550,0.007203,-0.087032,0.000000
212,2.120000,2126,-5.534013,-12.978832,18.622850,-1.567628,-0.140935,-7.281650,0.007568,-0.084178,0.000000
212,2.120000,2127,-5.242262,-3.804683,18.932362,-2.054308,-0.079165,-7.359740,0.004181,-0.108508,0.000000
212,2.120000,2128,-5.760904,-5.521462,18.896442,-1.269698,-0.104756,-7.432390,0.005544,-0.067192,0.000000
212,2.120000,2129,-5.388242,-6.642484,18.915897,-0.797638,-0.185404,-7.329589,0.009802,-0.042168,0.000000
213,2.130000,2130,-4.783113,0.332035,18.504112,-1.464769,-0.205946,-7.268610,0.011130,-0.079159,0.000000
213,2.130000,2131,-4.846234,-8.635826,17.092148,-1.338518,-0.206685,-7.259929,0.012092,-0.078312,0.000000
213,2.130000,2132,-4.759015,-3.159794,17.786547,-2.148447,-0.203296,-7.310099,0.011430,-0.120791,0.000000
213,2.130000,2133,-5.667663,0.164566,18.875761,-1.950408,-0.198735,-7.380960,0.010529,-0.103329,0.000000
213,2.130000,2134,-5.676985,-4.005992,19.632835,-0.636858,-0.101985,-7.466940,0.005195,-0.032438,0.000000
213,2.130000,2135,-5.692828,-0.287734,19.253933,-1.017558,-0.052586,-7.311399,0.002731,-0.052849,0.000000
213,2.130000,2136,-5.740788,-5.087212,17.068073,-1.640819,-0.150276,-7.213740,0.008804,-0.096134,0.000000
213,2.130000,2137,-4.843465,-8.423955,16.754988,-1.843038,-0.156416,-7.299920,0.009335,-0.109999,0.000000
213,2.130000,2138,-4.831712,-8.204895,17.860144,-1.783458,-0.206585,-7.410560,0.011567,-0.099857,0.000000
213,2.130000,2139,-4.964521,-6.672005,18.955669,-1.362248,-0.165315,-7.481571,0.008721,-0.071865,0.000000
214,2.140000,2140,-5.006402,-3.603413,19.654957,-0.937428,-0.266466,-7.288310,0.013557,-0.047694,0.000000
214,2.140000,2141,-5.310211,-5.320493,18.517982,-1.206308,-0.230116,-7.173759,0.012427,-0.065142,0.000000
214,2.140000,2142,-5.304171,-4.903023,17.109501,-1.793149,-0.227896,-7.257280,0.013320,-0.104804,0.000000
214,2.140000,2143,-5.529201,-5.309652,16.675564,-1.698809,-0.091626,-7.354970,0.005495,-0.101874,0.000000
214,2.140000,2144,-5.296762,-5.103213,18.146732,-1.426558,-0.180536,-7.423810,0.009949,-0.078612,0.000000
214,2.140000,2145,-5.400782,-2.920342,19.631454,-1.107799,-0.187026,-7.391330,0.009527,-0.056430,0.000000
214,2.140000,2146,-5.012262,-3.810663,19.626694,-1.066348,-0.168356,-7.246750,0.008578,-0.054332,0.000000
214,2.140000,2147,-5.042613,-4.450354,18.498755,-1.666709,-0.119185,-7.203890,0.006443,-0.090098,0.000000
214,2.140000,2148,-5.096712,-1.393715,17.031500,-2.088139,-0.120645,-7.306880,0.007084,-0.122605,0.000000
214,2.140000,2149,-4.875121,-1.411266,17.388412,-1.454278,-0.062554,-7.487820,0.003597,-0.083635,0.000000
215,2.150000,2150,-5.467492,-4.229953,19.253227,-0.694948,-0.140735,-7.390121,0.007310,-0.036095,0.000000
215,2.150000,2151,-5.390800,-2.705311,18.897034,-1.118069,-0.087105,-7.282640,0.004609,-0.059166,0.000000
215,2.150000,2152,-5.249353,-11.687917,19.371500,-1.487938,-0.128075,-7.246050,0.006612,-0.076811,0.000000
215,2.150000,2153,-4.991094,-7.297544,18.550850,-2.383049,-0.214145,-7.287570,0.011544,-0.128460,0.000000
215,2.150000,2154,-4.848402,-4.693685,18.176146,-1.870428,-0.159304,-7.431760,0.008764,-0.102906,0.000000
215,2.150000,2155,-4.980402,-7.112134,18.934818,-0.496518,-0.166725,-7.478790,0.008805,-0.026222,0.000000
215,2.150000,2156,-4.964772,0.577655,17.684023,-0.764779,-0.215015,-7.250970,0.012159,-0.043247,0.000000
215,2.150000,2157,-5.154292,-6.420003,17.785404,-1.437408,-0.123275,-7.103500,0.006931,-0.080820,0.000000
215,2.150000,2158,-4.928883,-6.004314,18.211079,-2.234758,-0.161476,-7.220669,0.008867,-0.122714,0.000000
215,2.150000,2159,-5.607355,-2.480096,18.569902,-2.045338,-0.145835,-7.505120,0.007853,-0.110143,0.000000
216,2.160000,2160,-5.836185,-6.841243,19.656609,-0.789898,-0.109395,-7.585400,0.005565,-0.040185,0.000000
216,2.160000,2161,-5.549277,2.331367,19.610748,-1.207398,-0.095645,-7.305949,0.004877,-0.061568,0.000000
216,2.160000,2162,-5.283509,-0.947374,17.748440,-1.263278,-0.228555,-7.122439,0.012877,-0.071177,0.000000
216,2.160000,2163,-4.562826,-7.549205,16.699501,-1.455619,-0.242105,-7.177949,0.014498,-0.087165,0.000000
216,2.160000,2164,-4.630084,-0.563006,18.197702,-2.202419,-0.148405,-7.388889,0.008155,-0.121027,0.000000
216,2.160000,2165,-5.112522,-9.293725,19.719044,-1.104118,-0.172685,-7.492740,0.008757,-0.055992,0.000000
216,2.160000,2166,-5.491422,-8.389014,19.679607,-1.002089,-0.091996,-7.339120,0.004675,-0.050920,0.000000
216,2.160000,2167,-5.809998,-2.449750,18.875822,-1.690248,-0.106536,-7.241580,0.005644,-0.089546,0.000000
216,2.160000,2168,-5.581231,-9.916293,17.866301,-1.565589,-0.142705,-7.235490,0.007987,-0.087628,0.000000
216,2.160000,2169,-4.937863,-2.500592,17.407696,-1.686099,-0.162925,-7.381350,0.009359,-0.096859,0.000000
217,2.170000,2170,-4.835161,-4.488764,17.442516,-1.176778,-0.158545,-7.468270,0.009090,-0.067466,0.000000
217,2.170000,2171,-4.703022,-6.229465,18.884567,-0.953428,-0.153285,-7.353930,0.008117,-0.050487,0.000000
217,2.170000,2172,-4.809622,-0.101705,19.617071,-1.657099,-0.158556,-7.270160,0.008083,-0.084472,0.000000
217,2.170000,2173,-5.442352,-7.713704,19.263178,-1.519199,-0.138195,-7.285460,0.007174,-0.078865,0.000000
217,2.170000,2174,-5.652339,-3.349562,18.189718,-1.793769,-0.098306,-7.361380,0.005404,-0.098614,0.000000
217,2.170000,2175,-6.030742,-2.455505,17.428165,-1.550358,-0.115995,-7.495921,0.006656,-0.088957,0.000000
217,2.170000,2176,-5.833284,-6.832423,18.908844,-1.069468,-0.206546,-7.437249,0.010923,-0.056559,0.000000
217,2.170000,2177,-5.020192,-0.085345,18.484745,-1.584908,-0.118836,-7.301920,0.006429,-0.085741,0.000000
217,2.170000,2178,-4.966493,-6.878533,17.819492,-1.418339,-0.212635,-7.215940,0.011933,-0.079595,0.000000
217,2.170000,2179,-4.431283,-5.142345,18.892199,-1.847608,-0.139765,-7.280120,0.007398,-0.097797,0.000000
218,2.180000,2180,-4.933703,-2.293526,18.173923,-1.558289,-0.163286,-7.424060,0.008985,-0.085743,0.000000
218,2.180000,2181,-5.644141,-7.491183,18.150719,-1.036068,-0.196685,-7.357280,0.010836,-0.057081,0.000000
218,2.180000,2182,-5.552430,-1.808635,18.497334,-1.506998,-0.143666,-7.308321,0.007767,-0.081471,0.000000
218,2.180000,2183,-5.564700,-5.964333,18.156765,-1.388059,-0.192405,-7.246980,0.010597,-0.076449,0.000000
218,2.180000,2184,-4.958874,-6.660744,17.825674,-1.711219,-0.114285,-7.328849,0.006411,-0.095997,0.000000
218,2.180000,2185,-4.916463,-2.063766,18.886419,-1.707569,-0.163135,-7.382830,0.008638,-0.090413,0.000000
218,2.180000,2186,-4.781072,-7.541545,18.543098,-1.106348,-0.205626,-7.363111,0.011089,-0.059664,0.000000
218,2.180000,2187,-5.189562,-2.938323,18.181129,-1.389428,-0.175366,-7.358340,0.009646,-0.076421,0.000000
218,2.180000,2188,-5.266432,-4.453382,17.790806,-1.528318,-0.129225,-7.318270,0.007264,-0.085905,0.000000
218,2.180000,2189,-5.392551,-6.636593,17.820906,-1.711989,-0.134675,-7.328370,0.007557,-0.096066,0.000000
219,2.190000,2190,-5.348601,-2.039765,18.136534,-1.707649,-0.084455,-7.380301,0.004657,-0.094155,0.000000
219,2.190000,2191,-5.615151,-6.641123,18.586998,-1.152158,-0.244596,-7.444150,0.013159,-0.061987,0.000000
219,2.190000,2192,-5.212992,-3.372593,18.548351,-1.439848,-0.127366,-7.357540,0.006867,-0.077627,0.000000
219,2.190000,2193,-5.435771,-3.367542,18.567921,-1.442028,-0.137515,-7.325770,0.007406,-0.077662,0.000000
219,2.190000,2194,-4.977844,-7.096484,18.183880,-1.338398,-0.164846,-7.326250,0.009065,-0.073604,0.000000
219,2.190000,2195,-5.143202,-2.063515,18.180843,-1.710789,-0.173045,-7.356400,0.009518,-0.094098,0.000000
219,2.190000,2196,-5.538651,-5.322613,18.556393,-1.351048,-0.142306,-7.290791,0.007669,-0.072808,0.000000
219,2.190000,2197,-5.055692,-4.473043,18.552479,-1.389618,-0.119696,-7.287830,0.006452,-0.074902,0.000000
219,2.190000,2198,-5.606000,-2.684411,18.888866,-1.539478,-0.195606,-7.316631,0.010356,-0.081502,0.000000
219,2.190000,2199,-5.394082,-6.640304,18.932690,-1.361678,-0.185206,-7.332590,0.009782,-0.071922,0.000000
220,2.200000,2200,-4.779154,-3.396183,17.815784,-1.579188,-0.106265,-7.357169,0.005965,-0.088640,0.000000
220,2.200000,2201,-4.855854,-4.914774,17.799294,-1.366658,-0.208405,-7.320169,0.011709,-0.076782,0.000000
220,2.200000,2202,-4.872213,-5.137013,18.551651,-1.217838,-0.209376,-7.216100,0.011286,-0.065646,0.000000
220,2.200000,2203,-5.392220,-2.906311,18.126392,-1.525748,-0.184635,-7.234940,0.010186,-0.084173,0.000000
220,2.200000,2204,-5.389632,-6.637683,17.812504,-1.429968,-0.134775,-7.326869,0.007566,-0.080279,0.000000
220,2.200000,2205,-5.447161,-3.787203,18.153898,-1.628968,-0.088896,-7.387180,0.004897,-0.089731,0.000000
220,2.200000,2206,-5.703380,-4.634833,18.857359,-1.446769,-0.101566,-7.274261,0.005386,-0.076722,0.000000
220,2.200000,2207,-5.317081,-5.330254,18.173943,-1.278778,-0.181266,-7.325080,0.009974,-0.070363,0.000000
220,2.200000,2208,-5.192672,-3.143363,18.515118,-1.447218,-0.126605,-7.313960,0.006838,-0.078164,0.000000
220,2.200000,2209,-5.338812,-5.764343,17.803207,-1.328088,-0.231015,-7.323129,0.012976,-0.074598,0.000000
221,2.210000,2210,-5.027624,-4.231264,18.120861,-1.605329,-0.168035,-7.311329,0.009273,-0.088590,0.000000
221,2.210000,2211,-5.243361,-4.221943,18.119839,-1.464559,-0.177815,-7.271870,0.009813,-0.080826,0.000000
221,2.210000,2212,-4.917013,-5.802544,17.851891,-1.330908,-0.210535,-7.260549,0.011793,-0.074553,0.000000
221,2.210000,2213,-5.623440,-3.116442,18.135281,-1.516969,-0.195635,-7.309810,0.010788,-0.083647,0.000000
221,2.210000,2214,-5.295552,-5.098433,18.503590,-1.356238,-0.131396,-7.278980,0.007101,-0.073296,0.000000
221,2.210000,2215,-5.273663,-4.665973,18.143003,-1.587449,-0.080965,-7.422389,0.004463,-0.087496,0.000000
221,2.210000,2216,-5.233512,-3.804093,18.540495,-1.559249,-0.128005,-7.353070,0.006904,-0.084100,0.000000
221,2.210000,2217,-5.129612,-5.783624,18.565495,-1.330608,-0.123026,-7.292990,0.006627,-0.071671,0.000000
221,2.210000,2218,-5.221632,-3.787853,18.490574,-1.415248,-0.128066,-7.273820,0.006926,-0.076539,0.000000
221,2.210000,2219,-5.045223,-4.663854,18.104610,-1.442708,-0.168775,-7.305360,0.009322,-0.079687,0.000000
222,2.220000,2220,-4.887894,-5.558734,18.520481,-1.476599,-0.210475,-7.282379,0.011364,-0.079728,0.000000
222,2.220000,2221,-5.242122,-4.013783,18.894461,-1.618768,-0.178075,-7.316080,0.009425,-0.085674,0.000000
222,2.220000,2222,-5.091754,-5.535363,18.475552,-1.332238,-0.220345,-7.305979,0.011926,-0.072108,0.000000
222,2.220000,2223,-5.485051,-4.241262,18.576603,-1.402688,-0.139736,-7.329211,0.007522,-0.075508,0.000000
222,2.220000,2224,-5.262272,-4.246313,18.557034,-1.400508,-0.129586,-7.360981,0.006983,-0.075470,0.000000
222,2.220000,2225,-4.902514,-5.581044,18.574818,-1.340728,-0.112526,-7.366620,0.006058,-0.072180,0.000000
222,2.220000,2226,-5.240252,-4.016903,17.785851,-1.406768,-0.226575,-7.316250,0.012739,-0.079095,0.000000
222,2.220000,2227,-4.858964,-5.119814,18.133289,-1.424448,-0.159645,-7.275790,0.008804,-0.078554,0.000000
222,2.220000,2228,-4.832914,-4.478094,18.532909,-1.387438,-0.109546,-7.319600,0.005911,-0.074863,0.000000
222,2.220000,2229,-5.241922,-3.811513,18.935535,-1.491999,-0.178195,-7.364130,0.009411,-0.078794,0.000000
223,2.230000,2230,-5.544181,-5.535023,18.170643,-1.409068,-0.191795,-7.393760,0.010555,-0.077546,0.000000
223,2.230000,2231,-5.668400,-3.782532,18.172848,-1.489928,-0.197505,-7.355110,0.010868,-0.081987,0.000000
223,2.230000,2232,-5.481812,-4.642473,18.474911,-1.374498,-0.140526,-7.308550,0.007606,-0.074398,0.000000
223,2.230000,2233,-5.061222,-4.683264,18.160706,-1.307228,-0.169156,-7.248490,0.009314,-0.071981,0.000000
223,2.230000,2234,-4.784844,-3.606964,18.161346,-1.356688,-0.156436,-7.318679,0.008614,-0.074702,0.000000
223,2.230000,2235,-4.887694,-5.356464,18.561562,-1.349828,-0.210596,-7.330430,0.011346,-0.072722,0.000000
223,2.230000,2236,-4.830004,-4.475324,18.157841,-1.456418,-0.158185,-7.315929,0.008712,-0.080209,0.000000
223,2.230000,2237,-5.288321,-4.888033,18.157406,-1.437518,-0.179685,-7.317170,0.009896,-0.079170,0.000000
223,2.230000,2238,-5.538651,-5.322613,18.556393,-1.351048,-0.142306,-7.290791,0.007669,-0.072808,0.000000
223,2.230000,2239,-5.439930,-3.574612,17.801701,-1.569839,-0.137155,-7.283060,0.007705,-0.088185,0.000000
224,2.240000,2240,-5.523662,-5.103523,18.178490,-1.289668,-0.191155,-7.398230,0.010515,-0.070945,0.000000
224,2.240000,2241,-5.259362,-4.243543,18.181965,-1.469488,-0.178225,-7.357310,0.009802,-0.080821,0.000000
224,2.240000,2242,-4.815184,-4.250744,18.144577,-1.465518,-0.256255,-7.279739,0.014123,-0.080769,0.000000
224,2.240000,2243,-4.857554,-4.914954,18.537243,-1.367768,-0.110656,-7.321320,0.005969,-0.073785,0.000000
224,2.240000,2244,-5.248822,-4.024653,18.173737,-1.339938,-0.079946,-7.326410,0.004399,-0.073729,0.000000
224,2.240000,2245,-5.297092,-5.098283,19.248699,-1.356929,-0.230465,-7.281030,0.011973,-0.070495,0.000000
224,2.240000,2246,-5.727660,-4.868862,18.165447,-1.440438,-0.102086,-7.323180,0.005620,-0.079296,0.000000
224,2.240000,2247,-5.492120,-4.451102,18.185452,-1.461518,-0.090736,-7.290170,0.004989,-0.080367,0.000000
224,2.240000,2248,-5.311552,-5.120033,18.565708,-1.361168,-0.131806,-7.364420,0.007099,-0.073316,0.000000
224,2.240000,2249,-5.020353,-3.819153,18.553085,-1.419729,-0.217155,-7.398419,0.011705,-0.076522,0.000000
225,2.250000,2250,-4.834324,-4.682954,18.128948,-1.444118,-0.158535,-7.274070,0.008745,-0.079658,0.000000
225,2.250000,2251,-4.858934,-4.914244,18.545025,-1.508569,-0.209015,-7.322519,0.011271,-0.081346,0.000000
225,2.250000,2252,-5.023334,-4.229203,17.738010,-1.533508,-0.118315,-7.306459,0.006670,-0.086453,0.000000
225,2.250000,2253,-5.320162,-5.329723,18.919674,-1.420689,-0.181876,-7.327430,0.009613,-0.075091,0.000000
225,2.250000,2254,-5.704590,-4.637423,18.494480,-1.376678,-0.150676,-7.276781,0.008147,-0.074437,0.000000
225,2.250000,2255,-5.266592,-4.453943,18.528141,-1.388208,-0.129936,-7.319120,0.007013,-0.074924,0.000000
225,2.250000,2256,-4.882194,-5.351814,18.541592,-1.348098,-0.111766,-7.323040,0.006028,-0.072707,0.000000
225,2.250000,2257,-4.805365,-4.038464,18.153500,-1.476089,-0.157075,-7.314210,0.008653,-0.081312,0.000000
225,2.250000,2258,-4.857554,-4.914954,18.537243,-1.367768,-0.110656,-7.321320,0.005969,-0.073785,0.000000
225,2.250000,2259,-4.831214,-4.477914,17.794960,-1.386328,-0.207295,-7.318449,0.011649,-0.077906,0.000000
226,2.260000,2260,-5.262272,-4.246313,18.557034,-1.400508,-0.129586,-7.360981,0.006983,-0.075470,0.000000
226,2.260000,2261,-5.526772,-5.308563,18.512486,-1.347458,-0.142396,-7.353850,0.007692,-0.072786,0.000000
226,2.260000,2262,-5.268102,-4.247993,18.940504,-1.613548,-0.080846,-7.366150,0.004268,-0.085190,0.000000
226,2.260000,2263,-5.290021,-4.888214,18.895353,-1.438628,-0.081936,-7.318320,0.004336,-0.076137,0.000000
226,2.260000,2264,-5.281252,-4.678193,18.548557,-1.378689,-0.228685,-7.356209,0.012329,-0.074329,0.000000
226,2.260000,2265,-5.019174,-4.022133,18.504230,-1.405698,-0.118676,-7.349170,0.006413,-0.075966,0.000000
226,2.260000,2266,-4.857554,-4.914954,18.537243,-1.367768,-0.110656,-7.321320,0.005969,-0.073785,0.000000
226,2.260000,2267,-4.812594,-4.248864,18.499676,-1.394808,-0.108786,-7.276020,0.005880,-0.075396,0.000000
226,2.260000,2268,-5.246112,-4.224153,17.757572,-1.535688,-0.128465,-7.274690,0.007234,-0.086481,0.000000
226,2.260000,2269,-5.313092,-5.119653,18.566320,-1.502389,-0.033346,-7.364720,0.001796,-0.080920,0.000000
227,2.270000,2270,-5.266592,-4.453943,18.528141,-1.388208,-0.129936,-7.319120,0.007013,-0.074924,0.000000
227,2.270000,2271,-5.279353,-4.876754,18.488567,-1.364948,-0.131136,-7.383900,0.007093,-0.073827,0.000000
227,2.270000,2272,-5.040903,-4.456223,18.133503,-1.455009,-0.168425,-7.347219,0.009288,-0.080239,0.000000
227,2.270000,2273,-5.033672,-4.243633,17.781296,-1.395878,-0.216685,-7.243099,0.012186,-0.078503,0.000000
227,2.270000,2274,-4.855854,-4.914774,17.799294,-1.366658,-0.208405,-7.320169,0.011709,-0.076782,0.000000
227,2.270000,2275,-5.058282,-4.474924,18.197380,-1.460328,-0.267165,-7.291549,0.014682,-0.080249,0.000000
227,2.270000,2276,-5.272121,-4.664164,18.136368,-1.305818,-0.179396,-7.279780,0.009891,-0.072000,0.000000
227,2.270000,2277,-5.068294,-4.895293,17.775578,-1.506468,-0.120185,-7.351759,0.006761,-0.084749,0.000000
227,2.270000,2278,-5.477491,-4.434843,18.503803,-1.386798,-0.140176,-7.350410,0.007576,-0.074947,0.000000
227,2.270000,2279,-5.510742,-5.081393,18.862103,-1.426648,-0.191356,-7.315140,0.010145,-0.075636,0.000000
228,2.280000,2280,-5.016264,-4.019363,18.129162,-1.474678,-0.167315,-7.345500,0.009229,-0.081343,0.000000
228,2.280000,2281,-5.043813,-4.458994,18.508572,-1.386028,-0.119786,-7.350890,0.006472,-0.074886,0.000000
228,2.280000,2282,-4.838284,-4.687754,17.403801,-1.445158,-0.158296,-7.279409,0.009095,-0.083037,0.000000
228,2.280000,2283,-4.812434,-4.248303,17.762348,-1.534918,-0.108075,-7.275169,0.006085,-0.086414,0.000000
228,2.280000,2284,-5.081542,-4.912494,18.193932,-1.299858,-0.169916,-7.292069,0.009339,-0.071445,0.000000
228,2.280000,2285,-5.266592,-4.453943,18.528141,-1.388208,-0.129936,-7.319120,0.007013,-0.074924,0.000000
228,2.280000,2286,-5.496601,-4.661483,18.899908,-1.449518,-0.091826,-7.391469,0.004859,-0.076694,0.000000
228,2.280000,2287,-5.291431,-5.093073,18.491400,-1.495309,-0.130925,-7.272790,0.007080,-0.080865,0.000000
228,2.280000,2288,-5.265022,-4.248523,18.194775,-1.471638,-0.080236,-7.363801,0.004410,-0.080882,0.000000
228,2.280000,2289,-5.066884,-4.690434,18.179531,-1.449788,-0.071196,-7.397289,0.003916,-0.079748,0.000000
229,2.290000,2290,-5.053992,-4.472863,17.814529,-1.388508,-0.217445,-7.286679,0.012206,-0.077942,0.000000
229,2.290000,2291,-4.809684,-4.246094,18.124607,-1.463788,-0.157425,-7.272349,0.008686,-0.080762,0.000000
229,2.290000,2292,-5.084463,-4.911403,18.202328,-1.581879,-0.169815,-7.293570,0.009329,-0.086905,0.000000
229,2.290000,2293,-5.474581,-4.432073,18.128735,-1.455778,-0.188815,-7.346740,0.010415,-0.080302,0.000000
229,2.290000,2294,-5.295552,-5.098433,18.503590,-1.356238,-0.131396,-7.278980,0.007101,-0.073296,0.000000
229,2.290000,2295,-5.504881,-4.873913,18.145870,-1.438258,-0.091936,-7.354950,0.005066,-0.079261,0.000000
229,2.290000,2296,-5.475791,-4.434663,17.765854,-1.385688,-0.237926,-7.349259,0.013392,-0.077997,0.000000
229,2.290000,2297,-4.858764,-4.917544,18.174362,-1.297678,-0.159766,-7.323839,0.008791,-0.071402,0.000000
229,2.290000,2298,-5.049673,-4.265233,17.843422,-1.400809,-0.217095,-7.328540,0.012167,-0.078506,0.000000
229,2.290000,2299,-4.830004,-4.475324,18.157841,-1.456418,-0.158185,-7.315929,0.008712,-0.080209,0.000000
230,2.300000,2300,-5.043813,-4.458994,18.508572,-1.386028,-0.119786,-7.350890,0.006472,-0.074886,0.000000
230,2.300000,2301,-5.272092,-4.458593,18.548111,-1.389939,-0.228765,-7.326509,0.012334,-0.074937,0.000000
230,2.300000,2302,-5.749390,-5.302952,17.794727,-1.489748,-0.151835,-7.321230,0.008533,-0.083719,0.000000
230,2.300000,2303,-5.722000,-4.863882,18.152637,-1.438289,-0.200076,-7.316690,0.011022,-0.079233,0.000000
230,2.300000,2304,-5.291232,-4.890803,18.532475,-1.368538,-0.131046,-7.320840,0.007071,-0.073845,0.000000
230,2.300000,2305,-4.835534,-4.685544,17.766068,-1.374028,-0.207645,-7.276589,0.011688,-0.077340,0.000000
230,2.300000,2306,-4.805365,-4.038464,18.153500,-1.476089,-0.157075,-7.314210,0.008653,-0.081312,0.000000
230,2.300000,2307,-5.052782,-4.470273,18.177410,-1.458598,-0.168335,-7.284160,0.009261,-0.080242,0.000000
230,2.300000,2308,-5.273662,-4.663783,18.136990,-1.447039,-0.080936,-7.280080,0.004462,-0.079784,0.000000
230,2.300000,2309,-5.722000,-4.863882,18.152637,-1.438289,-0.200076,-7.316690,0.011022,-0.079233,0.000000
231,2.310000,2310,-5.713035,-4.852603,18.483791,-1.365718,-0.151526,-7.383420,0.008198,-0.073887,0.000000
231,2.310000,2311,-5.496601,-4.661483,18.899908,-1.449518,-0.091826,-7.391469,0.004859,-0.076694,0.000000
231,2.310000,2312,-5.068453,-4.895854,18.512905,-1.366358,-0.120896,-7.352610,0.006530,-0.073806,0.000000
231,2.310000,2313,-5.036752,-4.243103,18.527027,-1.537788,-0.217295,-7.245450,0.011729,-0.083002,0.000000
231,2.310000,2314,-4.831214,-4.477914,17.794960,-1.386328,-0.207295,-7.318449,0.011649,-0.077906,0.000000
231,2.310000,2315,-4.857554,-4.914954,18.537243,-1.367768,-0.110656,-7.321320,0.005969,-0.073785,0.000000
231,2.310000,2316,-5.489370,-4.448893,18.547710,-1.390388,-0.140086,-7.287350,0.007553,-0.074963,0.000000
231,2.310000,2317,-5.314302,-5.122243,18.203442,-1.432299,-0.082456,-7.367240,0.004530,-0.078683,0.000000
231,2.310000,2318,-5.720429,-4.658462,17.819263,-1.521719,-0.150375,-7.361370,0.008439,-0.085397,0.000000
231,2.310000,2319,-5.291232,-4.890803,18.532475,-1.368538,-0.131046,-7.320840,0.007071,-0.073845,0.000000
232,2.320000,2320,-5.291232,-4.890803,18.532475,-1.368538,-0.131046,-7.320840,0.007071,-0.073845,0.000000
232,2.320000,2321,-4.816554,-4.253664,17.774536,-1.395849,-0.108546,-7.281359,0.006107,-0.078531,0.000000
232,2.320000,2322,-4.831214,-4.477914,17.794960,-1.386328,-0.207295,-7.318449,0.011649,-0.077906,0.000000
232,2.320000,2323,-5.250402,-4.226213,18.140423,-1.607509,-0.178185,-7.279560,0.009823,-0.088615,0.000000
232,2.320000,2324,-5.266592,-4.453943,18.528141,-1.388208,-0.129936,-7.319120,0.007013,-0.074924,0.000000
232,2.320000,2325,-5.502131,-4.871703,18.508137,-1.367128,-0.141286,-7.352130,0.007634,-0.073866,0.000000
232,2.320000,2326,-5.269342,-4.456153,18.165874,-1.459338,-0.080586,-7.321940,0.004436,-0.080334,0.000000
232,2.320000,2327,-5.270912,-4.661573,18.499249,-1.375908,-0.130286,-7.277260,0.007043,-0.074376,0.000000
232,2.320000,2328,-5.291232,-4.890803,18.532475,-1.368538,-0.131046,-7.320840,0.007071,-0.073845,0.000000
232,2.320000,2329,-4.837204,-4.480154,18.915760,-1.459258,-0.159266,-7.324470,0.008420,-0.077145,0.000000
233,2.330000,2330,-5.059982,-4.475103,18.935329,-1.461438,-0.169416,-7.292700,0.008947,-0.077180,0.000000
233,2.330000,2331,-4.837234,-4.685724,18.504017,-1.375138,-0.109896,-7.277740,0.005939,-0.074316,0.000000
233,2.330000,2332,-5.266592,-4.453943,18.528141,-1.388208,-0.129936,-7.319120,0.007013,-0.074924,0.000000
233,2.330000,2333,-5.298272,-4.895073,18.553059,-1.511489,-0.131416,-7.328530,0.007083,-0.081468,0.000000
233,2.330000,2334,-5.700270,-4.429792,18.523373,-1.388978,-0.150326,-7.318640,0.008115,-0.074985,0.000000
233,2.330000,2335,-5.502131,-4.871703,18.508137,-1.367128,-0.141286,-7.352130,0.007634,-0.073866,0.000000
233,2.330000,2336,-5.068453,-4.895854,18.512905,-1.366358,-0.120896,-7.352610,0.006530,-0.073806,0.000000
233,2.330000,2337,-4.812594,-4.248864,18.499676,-1.394808,-0.108786,-7.276020,0.005880,-0.075396,0.000000
233,2.330000,2338,-5.057102,-4.677903,18.148518,-1.446299,-0.168685,-7.242300,0.009295,-0.079692,0.000000
233,2.330000,2339,-5.247481,-4.227303,18.132027,-1.325488,-0.178286,-7.278059,0.009833,-0.073102,0.000000
234,2.340000,2340,-5.286912,-4.683173,18.561367,-1.380838,-0.130696,-7.362700,0.007041,-0.074393,0.000000
234,2.340000,2341,-5.502131,-4.871703,18.508137,-1.367128,-0.141286,-7.352130,0.007634,-0.073866,0.000000
234,2.340000,2342,-5.723340,-4.661232,18.194332,-1.452738,-0.101735,-7.365040,0.005592,-0.079846,0.000000
234,2.340000,2343,-5.286912,-4.683173,18.561367,-1.380838,-0.130696,-7.362700,0.007041,-0.074393,0.000000
234,2.340000,2344,-5.270912,-4.661573,18.499249,-1.375908,-0.130286,-7.277260,0.007043,-0.074376,0.000000
234,2.340000,2345,-5.047773,-4.463794,17.783432,-1.387068,-0.119546,-7.356229,0.006722,-0.077998,0.000000
234,2.340000,2346,-4.851534,-4.707144,17.828186,-1.378958,-0.208055,-7.362029,0.011670,-0.077347,0.000000
234,2.340000,2347,-5.039332,-4.248613,17.794098,-1.398029,-0.118696,-7.249589,0.006671,-0.078567,0.000000
234,2.340000,2348,-5.058443,-4.475253,18.190212,-1.460749,-0.070346,-7.290650,0.003867,-0.080304,0.000000
234,2.340000,2349,-5.703350,-4.429262,19.269102,-1.530888,-0.150936,-7.320990,0.007833,-0.079448,0.000000
235,2.350000,2350,-5.474581,-4.432073,18.128735,-1.455778,-0.188815,-7.346740,0.010415,-0.080302,0.000000
235,2.350000,2351,-5.501971,-4.871142,17.770802,-1.507238,-0.140575,-7.351280,0.007910,-0.084815,0.000000
235,2.350000,2352,-5.266592,-4.453943,18.528141,-1.388208,-0.129936,-7.319120,0.007013,-0.074924,0.000000
235,2.350000,2353,-5.265252,-4.656593,18.486439,-1.373758,-0.228275,-7.270770,0.012348,-0.074312,0.000000
235,2.350000,2354,-4.837074,-4.685163,17.766682,-1.515248,-0.109186,-7.276890,0.006146,-0.085286,0.000000
235,2.350000,2355,-4.830004,-4.475324,18.157841,-1.456418,-0.158185,-7.315929,0.008712,-0.080209,0.000000
235,2.350000,2356,-5.286912,-4.683173,18.561367,-1.380838,-0.130696,-7.362700,0.007041,-0.074393,0.000000
235,2.350000,2357,-5.509690,-4.678123,18.580936,-1.383018,-0.140846,-7.330930,0.007580,-0.074432,0.000000
235,2.350000,2358,-5.270912,-4.661573,18.499249,-1.375908,-0.130286,-7.277260,0.007043,-0.074376,0.000000
235,2.350000,2359,-5.064134,-4.688224,18.541798,-1.378658,-0.120546,-7.394469,0.006501,-0.074354,0.000000
236,2.360000,2360,-5.250592,-4.432343,18.466015,-1.383278,-0.129526,-7.233680,0.007014,-0.074909,0.000000
236,2.360000,2361,-5.064134,-4.688224,18.541798,-1.378658,-0.120546,-7.394469,0.006501,-0.074354,0.000000
236,2.360000,2362,-4.816914,-4.456494,18.470783,-1.382508,-0.109136,-7.234160,0.005909,-0.074848,0.000000
236,2.360000,2363,-4.805365,-4.038464,18.153500,-1.476089,-0.157075,-7.314210,0.008653,-0.081312,0.000000
236,2.360000,2364,-5.269342,-4.456153,18.165874,-1.459338,-0.080586,-7.321940,0.004436,-0.080334,0.000000
236,2.360000,2365,-5.494901,-4.661303,18.161961,-1.448408,-0.189576,-7.390319,0.010438,-0.079750,0.000000
236,2.360000,2366,-5.726449,-4.866272,18.528326,-1.510528,-0.052976,-7.320660,0.002859,-0.081525,0.000000
236,2.360000,2367,-5.512640,-4.882602,18.177595,-1.580918,-0.091375,-7.285700,0.005027,-0.086971,0.000000
236,2.360000,2368,-5.270912,-4.661573,18.499249,-1.375908,-0.130286,-7.277260,0.007043,-0.074376,0.000000
236,2.360000,2369,-5.052782,-4.470273,18.177410,-1.458598,-0.168335,-7.284160,0.009261,-0.080242,0.000000
237,2.370000,2370,-5.053992,-4.472863,17.814529,-1.388508,-0.217445,-7.286679,0.012206,-0.077942,0.000000
237,2.370000,2371,-5.053992,-4.472863,17.814529,-1.388508,-0.217445,-7.286679,0.012206,-0.077942,0.000000
237,2.370000,2372,-5.262272,-4.246313,18.557034,-1.400508,-0.129586,-7.360981,0.006983,-0.075470,0.000000
237,2.370000,2373,-5.476281,-4.432253,18.866682,-1.456888,-0.091066,-7.347890,0.004827,-0.077220,0.000000
237,2.370000,2374,-5.727660,-4.868862,18.165447,-1.440438,-0.102086,-7.323180,0.005620,-0.079296,0.000000
237,2.370000,2375,-5.480241,-4.437053,18.141537,-1.457928,-0.090825,-7.353230,0.005006,-0.080364,0.000000
237,2.370000,2376,-5.065514,-4.687514,18.549580,-1.519459,-0.218905,-7.395669,0.011801,-0.081913,0.000000
237,2.370000,2377,-5.042113,-4.458814,17.770622,-1.384918,-0.217535,-7.349739,0.012241,-0.077933,0.000000
237,2.370000,2378,-4.854644,-4.912184,18.162174,-1.436749,-0.159295,-7.317649,0.008771,-0.079107,0.000000
237,2.370000,2379,-4.853234,-4.707324,18.566135,-1.380068,-0.110306,-7.363179,0.005941,-0.074333,0.000000
238,2.380000,2380,-5.266432,-4.453382,17.790806,-1.528318,-0.129225,-7.318270,0.007264,-0.085905,0.000000
238,2.380000,2381,-5.287111,-4.885443,18.520285,-1.507608,-0.130575,-7.314650,0.007050,-0.081403,0.000000
238,2.380000,2382,-5.476281,-4.432253,18.866682,-1.456888,-0.091066,-7.347890,0.004827,-0.077220,0.000000
238,2.380000,2383,-5.263842,-4.451733,18.890400,-1.317078,-0.179286,-7.316300,0.009491,-0.069722,0.000000
238,2.380000,2384,-5.068453,-4.895854,18.512905,-1.366358,-0.120896,-7.352610,0.006530,-0.073806,0.000000
238,2.380000,2385,-4.854614,-4.706614,18.573917,-1.520868,-0.208665,-7.364379,0.011234,-0.081882,0.000000
238,2.380000,2386,-4.831574,-4.680744,18.491207,-1.372988,-0.207885,-7.271250,0.011242,-0.074251,0.000000
238,2.380000,2387,-5.288321,-4.888033,18.157406,-1.437518,-0.179685,-7.317170,0.009896,-0.079170,0.000000
238,2.380000,2388,-5.480241,-4.437053,18.141537,-1.457928,-0.090825,-7.353230,0.005006,-0.080364,0.000000
238,2.380000,2389,-5.481812,-4.642473,18.474911,-1.374498,-0.140526,-7.308550,0.007606,-0.074398,0.000000
239,2.390000,2390,-5.477491,-4.434843,18.503803,-1.386798,-0.140176,-7.350410,0.007576,-0.074947,0.000000
239,2.390000,2391,-5.496440,-4.658732,18.156551,-1.449219,-0.091086,-7.248311,0.005017,-0.079818,0.000000
239,2.390000,2392,-5.290021,-4.888214,18.895353,-1.438628,-0.081936,-7.318320,0.004336,-0.076137,0.000000
239,2.390000,2393,-5.040903,-4.456223,18.133503,-1.455009,-0.168425,-7.347219,0.009288,-0.080239,0.000000
239,2.390000,2394,-4.855854,-4.914774,17.799294,-1.366658,-0.208405,-7.320169,0.011709,-0.076782,0.000000
239,2.390000,2395,-5.263681,-4.451173,18.153072,-1.457189,-0.178575,-7.315450,0.009837,-0.080272,0.000000
239,2.390000,2396,-5.484561,-4.644683,18.112652,-1.445628,-0.091176,-7.311370,0.005034,-0.079813,0.000000
239,2.390000,2397,-5.502301,-4.868403,18.878798,-1.578019,-0.190535,-7.350810,0.010093,-0.083587,0.000000
239,2.390000,2398,-5.262471,-4.448583,18.515951,-1.527279,-0.129465,-7.312930,0.006992,-0.082484,0.000000
239,2.390000,2399,-5.477491,-4.434843,18.503803,-1.386798,-0.140176,-7.350410,0.007576,-0.074947,0.000000
240,2.400000,2400,-5.266592,-4.453943,18.528141,-1.388208,-0.129936,-7.319120,0.007013,-0.074924,0.000000
240,2.400000,2401,-5.032462,-4.241043,18.144176,-1.465968,-0.167575,-7.240580,0.009236,-0.080796,0.000000
240,2.400000,2402,-4.835534,-4.685544,17.766068,-1.374028,-0.207645,-7.276589,0.011688,-0.077340,0.000000
240,2.400000,2403,-5.267801,-4.456533,18.165260,-1.318118,-0.179046,-7.321640,0.009856,-0.072563,0.000000
240,2.400000,2404,-5.288321,-4.888033,18.157406,-1.437518,-0.179685,-7.317170,0.009896,-0.079170,0.000000
240,2.400000,2405,-5.289662,-4.685383,18.199108,-1.451968,-0.081346,-7.365520,0.004470,-0.079782,0.000000
240,2.400000,2406,-5.477491,-4.434843,18.503803,-1.386798,-0.140176,-7.350410,0.007576,-0.074947,0.000000
240,2.400000,2407,-5.285212,-4.682993,17.823418,-1.379729,-0.228445,-7.361549,0.012817,-0.077411,0.000000
240,2.400000,2408,-4.827254,-4.473114,18.520100,-1.385288,-0.207535,-7.313109,0.011206,-0.074799,0.000000
240,2.400000,2409,-5.053992,-4.472863,17.814529,-1.388508,-0.217445,-7.286679,0.012206,-0.077942,0.000000
241,2.410000,2410,-4.858764,-4.917544,18.174362,-1.297678,-0.159766,-7.323839,0.008791,-0.071402,0.000000
241,2.410000,2411,-5.266592,-4.453943,18.528141,-1.388208,-0.129936,-7.319120,0.007013,-0.074924,0.000000
241,2.410000,2412,-5.286912,-4.683173,18.561367,-1.380838,-0.130696,-7.362700,0.007041,-0.074393,0.000000
241,2.410000,2413,-5.700270,-4.429792,18.523373,-1.388978,-0.150326,-7.318640,0.008115,-0.074985,0.000000
241,2.410000,2414,-5.480241,-4.437053,18.141537,-1.457928,-0.090825,-7.353230,0.005006,-0.080364,0.000000
241,2.410000,2415,-5.269671,-4.453413,19.273870,-1.530119,-0.130545,-7.321470,0.006773,-0.079388,0.000000
241,2.410000,2416,-5.269342,-4.456153,18.165874,-1.459338,-0.080586,-7.321940,0.004436,-0.080334,0.000000
241,2.410000,2417,-5.077223,-4.704864,18.222824,-1.312158,-0.169566,-7.333929,0.009305,-0.072006,0.000000
241,2.410000,2418,-4.832785,-4.683334,18.128326,-1.302898,-0.256995,-7.273769,0.014176,-0.071871,0.000000
241,2.410000,2419,-5.054323,-4.470123,18.922520,-1.459289,-0.267405,-7.286210,0.014132,-0.077119,0.000000
242,2.420000,2420,-5.291232,-4.890803,18.532475,-1.368538,-0.131046,-7.320840,0.007071,-0.073845,0.000000
242,2.420000,2421,-5.288321,-4.888033,18.157406,-1.437518,-0.179685,-7.317170,0.009896,-0.079170,0.000000
242,2.420000,2422,-5.707344,-4.641822,18.138227,-1.588218,-0.101355,-7.421909,0.005588,-0.087562,0.000000
242,2.420000,2423,-5.270752,-4.661013,17.761921,-1.516018,-0.129575,-7.276410,0.007295,-0.085352,0.000000
242,2.420000,2424,-5.048463,-4.262643,18.206303,-1.470899,-0.167985,-7.326020,0.009227,-0.080791,0.000000
242,2.420000,2425,-4.838414,-4.482744,18.552879,-1.389168,-0.208376,-7.326989,0.011231,-0.074876,0.000000
242,2.420000,2426,-4.831214,-4.477914,17.794960,-1.386328,-0.207295,-7.318449,0.011649,-0.077906,0.000000
242,2.420000,2427,-5.035372,-4.243813,18.519245,-1.396988,-0.118936,-7.244250,0.006422,-0.075434,0.000000
242,2.420000,2428,-5.291232,-4.890803,18.532475,-1.368538,-0.131046,-7.320840,0.007071,-0.073845,0.000000
242,2.420000,2429,-5.269701,-4.658984,18.862127,-1.445998,-0.081176,-7.274740,0.004304,-0.076661,0.000000
243,2.430000,2430,-5.270912,-4.661573,18.499249,-1.375908,-0.130286,-7.277260,0.007043,-0.074376,0.000000
243,2.430000,2431,-5.065543,-4.893084,18.137836,-1.435338,-0.169535,-7.348939,0.009347,-0.079135,0.000000
243,2.430000,2432,-5.039662,-4.245873,18.902096,-1.468808,-0.168656,-7.249120,0.008923,-0.077706,0.000000
243,2.430000,2433,-5.035372,-4.243813,18.519245,-1.396988,-0.118936,-7.244250,0.006422,-0.075434,0.000000
243,2.430000,2434,-5.036782,-4.448673,18.115284,-1.453669,-0.167925,-7.198720,0.009270,-0.080245,0.000000
243,2.430000,2435,-5.055692,-4.473043,18.552479,-1.389618,-0.119696,-7.287830,0.006452,-0.074902,0.000000
243,2.430000,2436,-5.270912,-4.661573,18.499249,-1.375908,-0.130286,-7.277260,0.007043,-0.074376,0.000000
243,2.430000,2437,-5.480601,-4.639884,18.837790,-1.444588,-0.091416,-7.306030,0.004853,-0.076686,0.000000
243,2.430000,2438,-5.703020,-4.432002,18.161114,-1.460108,-0.100976,-7.321460,0.005560,-0.080397,0.000000
243,2.430000,2439,-5.270912,-4.661573,18.499249,-1.375908,-0.130286,-7.277260,0.007043,-0.074376,0.000000
244,2.440000,2440,-5.052782,-4.470273,18.177410,-1.458598,-0.168335,-7.284160,0.009261,-0.080242,0.000000
244,2.440000,2441,-5.078763,-4.704483,18.223446,-1.453379,-0.071106,-7.334229,0.003902,-0.079753,0.000000
244,2.440000,2442,-4.832914,-4.478094,18.532909,-1.387438,-0.109546,-7.319600,0.005911,-0.074863,0.000000
244,2.440000,2443,-5.266592,-4.453943,18.528141,-1.388208,-0.129936,-7.319120,0.007013,-0.074924,0.000000
244,2.440000,2444,-5.512440,-4.680332,18.218670,-1.454148,-0.091496,-7.333750,0.005022,-0.079816,0.000000
244,2.440000,2445,-5.503671,-4.871323,18.508749,-1.508348,-0.042826,-7.352430,0.002314,-0.081494,0.000000
244,2.440000,2446,-5.500561,-4.666283,18.174770,-1.450558,-0.091586,-7.396810,0.005039,-0.079812,0.000000
244,2.440000,2447,-5.269342,-4.456153,18.165874,-1.459338,-0.080586,-7.321940,0.004436,-0.080334,0.000000
244,2.440000,2448,-5.270752,-4.661013,17.761921,-1.516018,-0.129575,-7.276410,0.007295,-0.085352,0.000000
244,2.440000,2449,-5.048133,-4.666624,18.479679,-1.373728,-0.120136,-7.309030,0.006501,-0.074337,0.000000
245,2.450000,2450,-5.060012,-4.680674,18.523586,-1.377318,-0.120046,-7.245970,0.006481,-0.074355,0.000000
245,2.450000,2451,-4.832754,-4.477533,17.795582,-1.527548,-0.108836,-7.318749,0.006116,-0.085839,0.000000
245,2.450000,2452,-5.298272,-4.895073,18.553059,-1.511489,-0.131416,-7.328530,0.007083,-0.081468,0.000000
245,2.450000,2453,-5.522291,-5.100372,17.804035,-1.499868,-0.141335,-7.394860,0.007938,-0.084243,0.000000
245,2.450000,2454,-5.483351,-4.642093,18.475531,-1.515718,-0.042066,-7.308850,0.002277,-0.082039,0.000000
245,2.450000,2455,-5.262471,-4.448583,18.515951,-1.527279,-0.129465,-7.312930,0.006992,-0.082484,0.000000
245,2.450000,2456,-5.045223,-4.663854,18.104610,-1.442708,-0.168775,-7.305360,0.009322,-0.079687,0.000000
245,2.450000,2457,-4.830004,-4.475324,18.157841,-1.456418,-0.158185,-7.315929,0.008712,-0.080209,0.000000
245,2.450000,2458,-5.243361,-4.221943,18.119839,-1.464559,-0.177815,-7.271870,0.009813,-0.080826,0.000000
245,2.450000,2459,-5.267801,-4.456533,18.165260,-1.318118,-0.179046,-7.321640,0.009856,-0.072563,0.000000
246,2.460000,2460,-5.493690,-4.656523,18.518818,-1.378088,-0.140436,-7.245491,0.007583,-0.074416,0.000000
246,2.460000,2461,-5.723700,-4.864063,18.890585,-1.439399,-0.102326,-7.317840,0.005417,-0.076197,0.000000
246,2.460000,2462,-5.500921,-4.869113,18.871016,-1.437218,-0.092176,-7.349610,0.004885,-0.076160,0.000000
246,2.460000,2463,-5.291232,-4.890803,18.532475,-1.368538,-0.131046,-7.320840,0.007071,-0.073845,0.000000
246,2.460000,2464,-5.039692,-4.451444,18.490353,-1.384688,-0.119286,-7.202390,0.006451,-0.074887,0.000000
246,2.460000,2465,-4.839984,-4.688164,18.886246,-1.305739,-0.258076,-7.282310,0.013665,-0.069137,0.000000
246,2.460000,2466,-5.039692,-4.451444,18.490353,-1.384688,-0.119286,-7.202390,0.006451,-0.074887,0.000000
246,2.460000,2467,-5.264892,-4.453763,17.790192,-1.387099,-0.227685,-7.317969,0.012798,-0.077970,0.000000
246,2.460000,2468,-5.474741,-4.432632,18.866062,-1.315668,-0.189526,-7.347590,0.010046,-0.069737,0.000000
246,2.460000,2469,-5.496440,-4.658732,18.156551,-1.449219,-0.091086,-7.248311,0.005017,-0.079818,0.000000
247,2.470000,2470,-5.729230,-5.074283,18.498821,-1.357008,-0.151786,-7.278501,0.008205,-0.073356,0.000000
247,2.470000,2471,-5.273662,-4.663783,18.136990,-1.447039,-0.080936,-7.280080,0.004462,-0.079784,0.000000
247,2.470000,2472,-5.267972,-4.453233,18.535923,-1.529009,-0.228295,-7.320320,0.012316,-0.082489,0.000000
247,2.470000,2473,-5.040903,-4.456223,18.133503,-1.455009,-0.168425,-7.347219,0.009288,-0.080239,0.000000
247,2.470000,2474,-4.813804,-4.251454,18.136795,-1.324718,-0.157896,-7.278539,0.008706,-0.073040,0.000000
247,2.470000,2475,-5.263681,-4.451173,18.153072,-1.457189,-0.178575,-7.315450,0.009837,-0.080272,0.000000
247,2.470000,2476,-5.288321,-4.888033,18.157406,-1.437518,-0.179685,-7.317170,0.009896,-0.079170,0.000000
247,2.470000,2477,-5.289662,-4.685383,18.199108,-1.451968,-0.081346,-7.365520,0.004470,-0.079782,0.000000
247,2.470000,2478,-5.498011,-4.866343,18.495947,-1.506199,-0.140816,-7.345940,0.007613,-0.081434,0.000000
247,2.470000,2479,-5.284002,-4.680403,18.186298,-1.449819,-0.179335,-7.359029,0.009861,-0.079720,0.000000
248,2.480000,2480,-5.035372,-4.243813,18.519245,-1.396988,-0.118936,-7.244250,0.006422,-0.075434,0.000000
248,2.480000,2481,-5.089832,-1.390005,17.748236,-1.805079,-0.120985,-7.300040,0.006817,-0.101705,0.000000
248,2.480000,2482,-5.088282,-1.394245,18.114296,-1.312858,-0.170905,-7.301910,0.009435,-0.072476,0.000000
248,2.480000,2483,-5.095704,-5.544024,18.117092,-0.982277,-0.171565,-7.313489,0.009470,-0.054218,0.000000
248,2.480000,2484,-5.192512,-3.142803,17.777790,-1.587328,-0.125895,-7.313109,0.007082,-0.089287,0.000000
248,2.480000,2485,-5.662542,-11.440026,18.968859,-1.425598,-0.098485,-7.345620,0.005192,-0.075155,0.000000
248,2.480000,2486,-5.423382,-7.277964,18.904964,-1.892018,-0.087635,-7.288060,0.004636,-0.100080,0.000000
248,2.480000,2487,-5.431131,-3.560033,18.503515,-1.708158,-0.137855,-7.348470,0.007450,-0.092315,0.000000
248,2.480000,2488,-5.242293,-7.960885,19.284420,-0.667469,-0.129945,-7.370189,0.006738,-0.034612,0.000000
248,2.480000,2489,-4.787102,0.121665,17.367245,-1.381688,-0.156335,-7.227220,0.009002,-0.079557,0.000000
249,2.490000,2490,-5.139302,-6.200913,17.407509,-1.376028,-0.172126,-7.210939,0.009888,-0.079048,0.000000
249,2.490000,2491,-4.815525,-4.243914,18.141405,-2.027828,-0.157225,-7.275349,0.008667,-0.111779,0.000000
249,2.490000,2492,-5.466443,3.455378,18.783781,-1.811718,-0.091476,-7.316450,0.004870,-0.096451,0.000000
249,2.490000,2493,-6.098454,-7.701242,20.020493,-0.398248,-0.170715,-7.404251,0.008527,-0.019892,0.000000
249,2.490000,2494,-5.880501,-0.036633,18.821293,-1.092498,-0.110704,-7.295439,0.005882,-0.058046,0.000000
249,2.490000,2495,-5.719388,-4.650382,18.546789,-1.662288,-0.150485,-7.215219,0.008114,-0.089627,0.000000
249,2.490000,2496,-4.911362,-9.927965,17.440306,-1.768828,-0.259255,-7.328330,0.014865,-0.101422,0.000000
249,2.490000,2497,-4.563772,-3.608334,18.513052,-1.706619,-0.097075,-7.349430,0.005244,-0.092185,0.000000
249,2.490000,2498,-5.001612,-11.474557,19.311714,-0.648408,-0.117965,-7.378240,0.006108,-0.033576,0.000000
249,2.490000,2499,-5.098432,-1.603555,18.468868,-1.513598,-0.122516,-7.265221,0.006634,-0.081954,0.000000
250,2.500000,2500,-5.744189,-5.087802,19.288465,-1.502508,-0.152305,-7.217790,0.007896,-0.077897,0.000000
250,2.500000,2501,-5.041434,-8.386584,17.780912,-1.627609,-0.118316,-7.250289,0.006654,-0.091537,0.000000
250,2.500000,2502,-5.437354,0.161605,16.990284,-1.874609,-0.137546,-7.404661,0.008096,-0.110334,0.000000
250,2.500000,2503,-5.469233,-8.165095,18.543800,-0.937867,-0.139765,-7.438019,0.007537,-0.050576,0.000000
250,2.500000,2504,-5.120322,-2.038202,18.835468,-1.422798,-0.172976,-7.264120,0.009184,-0.075538,0.000000
250,2.500000,2505,-5.244550,-0.281855,18.471014,-1.854659,-0.227225,-7.223300,0.012302,-0.100409,0.000000
250,2.500000,2506,-5.031082,-4.241753,18.136402,-1.325168,-0.069215,-7.239380,0.003816,-0.073067,0.000000
250,2.500000,2507,-5.063442,-0.755115,18.151043,-1.205758,-0.169915,-7.348240,0.009361,-0.066429,0.000000
250,2.500000,2508,-5.296593,-5.106514,17.776077,-1.215668,-0.131286,-7.425129,0.007386,-0.068388,0.000000
250,2.500000,2509,-5.369442,-6.203444,18.928349,-1.381349,-0.184096,-7.330870,0.009726,-0.072978,0.000000
251,2.510000,2510,-5.510581,-8.811315,18.924608,-1.542279,-0.091325,-7.186800,0.004826,-0.081496,0.000000
251,2.510000,2511,-5.234013,-7.528883,18.599657,-1.815968,-0.127265,-7.302870,0.006842,-0.097634,0.000000
251,2.510000,2512,-5.039824,-4.248624,19.645452,-1.469108,-0.169396,-7.392280,0.008623,-0.074781,0.000000
251,2.510000,2513,-5.113274,-5.771044,18.512577,-0.903778,-0.221674,-7.354249,0.011974,-0.048820,0.000000
251,2.510000,2514,-4.706504,-2.499563,17.360905,-1.259338,-0.250835,-7.262820,0.014448,-0.072539,0.000000
251,2.510000,2515,-5.061263,-4.884974,17.382305,-1.574108,-0.168326,-7.199591,0.009684,-0.090558,0.000000
251,2.510000,2516,-5.320042,-5.530873,17.403929,-1.827679,-0.180335,-7.277679,0.010362,-0.105015,0.000000
251,2.510000,2517,-5.620305,-3.106842,18.849897,-1.657438,-0.098346,-7.381710,0.005217,-0.087928,0.000000
251,2.510000,2518,-5.923203,-4.431352,19.652966,-1.040459,-0.112675,-7.432200,0.005733,-0.052942,0.000000
251,2.510000,2519,-5.429390,0.375106,19.212963,-1.465239,-0.138826,-7.300570,0.007226,-0.076263,0.000000
252,2.520000,2520,-5.497319,-0.933234,18.105186,-1.333298,-0.190186,-7.299710,0.010504,-0.073642,0.000000
252,2.520000,2521,-5.159782,-6.430704,18.178070,-1.228548,-0.173596,-7.255369,0.009550,-0.067584,0.000000
252,2.520000,2522,-4.868234,-1.192076,17.777531,-1.816929,-0.209315,-7.381060,0.011774,-0.102204,0.000000
252,2.520000,2523,-5.333993,-9.696894,19.285168,-1.007728,-0.231806,-7.365891,0.012020,-0.052254,0.000000
252,2.520000,2524,-5.088414,-9.053975,20.031107,-1.321458,-0.023855,-7.298440,0.001191,-0.065970,0.000000
252,2.520000,2525,-5.577540,-2.033654,19.647572,-1.993648,-0.095825,-7.353230,0.004877,-0.101470,0.000000
252,2.520000,2526,-5.787960,-9.693983,18.974865,-1.085368,-0.104765,-7.311661,0.005521,-0.057200,0.000000
252,2.520000,2527,-5.115512,-1.832755,17.019051,-1.504428,-0.121955,-7.305600,0.007166,-0.088397,0.000000
252,2.520000,2528,-5.259062,-4.452083,17.406727,-1.174058,-0.276425,-7.312799,0.015880,-0.067449,0.000000
252,2.520000,2529,-4.545733,-7.326055,18.522022,-1.254198,-0.194155,-7.282051,0.010482,-0.067714,0.000000
253,2.530000,2530,-5.021902,-0.081665,18.856020,-1.937019,-0.069625,-7.300900,0.003692,-0.102727,0.000000
253,2.530000,2531,-5.872750,-7.487813,18.553753,-1.251288,-0.158096,-7.330681,0.008521,-0.067441,0.000000
253,2.530000,2532,-5.585674,-2.461231,19.228321,-1.336258,-0.146336,-7.417530,0.007610,-0.069494,0.000000
253,2.530000,2533,-6.211501,-1.992704,17.373489,-1.426477,-0.026266,-7.375791,0.001512,-0.082107,0.000000
253,2.530000,2534,-5.434622,-7.509343,17.438343,-1.318809,-0.087274,-7.325440,0.005005,-0.075627,0.000000
253,2.530000,2535,-4.849614,-0.963026,18.482244,-1.825409,-0.110805,-7.338629,0.005995,-0.098766,0.000000
253,2.530000,2536,-4.980754,-7.099255,18.558949,-1.269419,-0.116207,-7.329920,0.006261,-0.068399,0.000000
253,2.530000,2537,-4.385980,-4.485271,18.863811,-1.452748,-0.236955,-7.381520,0.012561,-0.077012,0.000000
253,2.530000,2538,-5.354451,-2.251101,19.219433,-1.345037,-0.135335,-7.342660,0.007042,-0.069983,0.000000
253,2.530000,2539,-5.028335,-7.972795,17.829681,-1.228969,-0.216175,-7.332209,0.012124,-0.068928,0.000000
254,2.540000,2540,-5.553679,-2.012931,17.356045,-1.703789,-0.191945,-7.261940,0.011059,-0.098167,0.000000
254,2.540000,2541,-5.574481,-5.976863,18.187786,-1.391548,-0.094916,-7.401970,0.005219,-0.076510,0.000000
254,2.540000,2542,-4.915272,-6.003855,18.535252,-1.317469,-0.113725,-7.431400,0.006136,-0.071079,0.000000
254,2.540000,2543,-5.338261,-2.023371,18.831722,-1.564339,-0.183586,-7.303100,0.009749,-0.083069,0.000000
254,2.540000,2544,-4.775385,-7.328575,18.191521,-1.188438,-0.155426,-7.259290,0.008544,-0.065329,0.000000
254,2.540000,2545,-4.738514,-2.937723,17.749332,-1.593928,-0.104745,-7.270010,0.005901,-0.089802,0.000000
254,2.540000,2546,-5.266462,-4.658953,17.379078,-1.444198,-0.079854,-7.271540,0.004595,-0.083100,0.000000
254,2.540000,2547,-4.928564,-6.222764,18.175198,-1.377738,-0.162626,-7.322810,0.008948,-0.075803,0.000000
254,2.540000,2548,-5.552430,-1.808635,18.497334,-1.506998,-0.143666,-7.308321,0.007767,-0.081471,0.000000
254,2.540000,2549,-5.366852,-6.201563,19.283453,-1.310638,-0.036626,-7.327150,0.001899,-0.067967,0.000000
255,2.550000,2550,-5.219182,-3.577103,19.628069,-1.639549,-0.079215,-7.315510,0.004036,-0.083531,0.000000
255,2.550000,2551,-5.212992,-3.372593,18.548351,-1.439848,-0.127366,-7.357540,0.006867,-0.077627,0.000000
255,2.550000,2552,-4.709902,-6.233175,18.167816,-1.236488,-0.152946,-7.360770,0.008418,-0.068059,0.000000
255,2.550000,2553,-5.144602,-2.272232,18.143555,-1.416468,-0.173496,-7.313040,0.009562,-0.078070,0.000000
255,2.550000,2554,-5.317081,-5.330254,18.173943,-1.278778,-0.181266,-7.325080,0.009974,-0.070363,0.000000
255,2.550000,2555,-4.837234,-4.685724,18.504017,-1.375138,-0.109896,-7.277740,0.005939,-0.074316,0.000000
255,2.550000,2556,-5.192672,-3.143363,18.515118,-1.447218,-0.126605,-7.313960,0.006838,-0.078164,0.000000
255,2.550000,2557,-5.162694,-6.435664,18.559155,-1.299978,-0.124986,-7.401350,0.006734,-0.070045,0.000000
255,2.550000,2558,-5.403572,-3.124263,18.490780,-1.445808,-0.136846,-7.345250,0.007401,-0.078191,0.000000
255,2.550000,2559,-5.068453,-4.895854,18.512905,-1.366358,-0.120896,-7.352610,0.006530,-0.073806,0.000000
256,2.560000,2560,-4.886514,-5.559444,18.512699,-1.335798,-0.112116,-7.281179,0.006056,-0.072156,0.000000
256,2.560000,2561,-5.200072,-3.350463,19.231955,-1.576829,-0.127566,-7.274450,0.006633,-0.081990,0.000000
256,2.560000,2562,-5.142374,-6.206434,18.525928,-1.307348,-0.124226,-7.357770,0.006706,-0.070569,0.000000
256,2.560000,2563,-5.225922,-3.789913,18.873425,-1.487068,-0.177786,-7.278690,0.009420,-0.078792,0.000000
256,2.560000,2564,-5.455602,-4.000193,18.137203,-1.477598,-0.089715,-7.351511,0.004946,-0.081468,0.000000
256,2.560000,2565,-5.322942,-5.537503,18.145672,-1.407698,-0.083156,-7.283520,0.004583,-0.077578,0.000000
256,2.560000,2566,-5.630509,-3.326282,17.744129,-1.575798,-0.146635,-7.270770,0.008264,-0.088807,0.000000
256,2.560000,2567,-4.886484,-5.353874,18.924442,-1.419918,-0.161486,-7.327910,0.008533,-0.075031,0.000000
256,2.560000,2568,-5.244932,-4.427363,18.453205,-1.381128,-0.227516,-7.227190,0.012329,-0.074845,0.000000
256,2.560000,2569,-5.000064,-3.795494,18.108124,-1.342978,-0.167026,-7.308110,0.009224,-0.074164,0.000000
257,2.570000,2570,-4.903924,-5.785904,18.170856,-1.397408,-0.161516,-7.321089,0.008889,-0.076904,0.000000
257,2.570000,2571,-5.194082,-3.348223,18.111156,-1.503899,-0.175596,-7.268430,0.009695,-0.083037,0.000000
257,2.570000,2572,-5.294182,-5.095283,18.129133,-1.566438,-0.081575,-7.275610,0.004500,-0.086404,0.000000
257,2.570000,2573,-5.314302,-5.122243,18.203442,-1.432299,-0.082456,-7.367240,0.004530,-0.078683,0.000000
257,2.570000,2574,-5.214402,-3.577453,18.144390,-1.496529,-0.176355,-7.312010,0.009720,-0.082479,0.000000
257,2.570000,2575,-5.320192,-5.535294,18.507931,-1.336568,-0.132506,-7.280700,0.007159,-0.072216,0.000000
257,2.570000,2576,-5.438750,-3.777822,18.497334,-1.415278,-0.236205,-7.235560,0.012770,-0.076513,0.000000
257,2.570000,2577,-4.828304,-4.475143,17.419891,-1.455308,-0.255936,-7.314779,0.014692,-0.083543,0.000000
257,2.570000,2578,-4.880494,-5.351634,17.803642,-1.346988,-0.209516,-7.321889,0.011768,-0.075658,0.000000
257,2.570000,2579,-5.224382,-3.790063,18.128307,-1.486378,-0.078716,-7.276640,0.004342,-0.081992,0.000000
258,2.580000,2580,-5.314662,-5.325074,18.899702,-1.418958,-0.083046,-7.320040,0.004394,-0.075078,0.000000
258,2.580000,2581,-5.699059,-4.427202,18.886251,-1.459068,-0.101216,-7.316120,0.005359,-0.077256,0.000000
258,2.580000,2582,-5.452852,-3.997983,18.499462,-1.406468,-0.139066,-7.348691,0.007517,-0.076028,0.000000
258,2.580000,2583,-5.069863,-5.100714,18.108952,-1.423038,-0.169885,-7.307080,0.009381,-0.078582,0.000000
258,2.580000,2584,-4.780724,-3.601604,18.149158,-1.495758,-0.155965,-7.312490,0.008594,-0.082415,0.000000
258,2.580000,2585,-4.858604,-4.916984,17.437035,-1.437788,-0.159056,-7.322989,0.009122,-0.082456,0.000000
258,2.580000,2586,-4.838804,-4.891144,18.837391,-1.291708,-0.159596,-7.233060,0.008472,-0.068571,0.000000
258,2.580000,2587,-5.036584,-4.248593,18.162395,-1.467308,-0.168075,-7.389080,0.009254,-0.080788,0.000000
258,2.580000,2588,-5.525401,-5.305413,18.138029,-1.557658,-0.092575,-7.350480,0.005104,-0.085878,0.000000
258,2.580000,2589,-5.674260,-3.989782,18.144575,-1.618849,-0.099396,-7.313550,0.005478,-0.089219,0.000000
259,2.590000,2590,-5.481812,-4.642473,18.474911,-1.374498,-0.140526,-7.308550,0.007606,-0.074398,0.000000
259,2.590000,2591,-5.068453,-4.895854,18.512905,-1.366358,-0.120896,-7.352610,0.006530,-0.073806,0.000000
259,2.590000,2592,-4.998854,-3.792904,18.471004,-1.413068,-0.117916,-7.305590,0.006384,-0.076502,0.000000
259,2.590000,2593,-4.858964,-5.119814,18.133289,-1.424448,-0.159645,-7.275790,0.008804,-0.078554,0.000000
259,2.590000,2594,-4.813644,-4.250894,17.399467,-1.464828,-0.157186,-7.277689,0.009034,-0.084188,0.000000
259,2.590000,2595,-5.263681,-4.451173,18.153072,-1.457189,-0.178575,-7.315450,0.009837,-0.080272,0.000000
259,2.590000,2596,-5.505241,-5.076744,18.842131,-1.424918,-0.092526,-7.307750,0.004911,-0.075624,0.000000
259,2.590000,2597,-5.451642,-3.995393,18.862341,-1.476558,-0.089956,-7.346170,0.004769,-0.078281,0.000000
259,2.590000,2598,-5.291232,-4.890803,18.532475,-1.368538,-0.131046,-7.320840,0.007071,-0.073845,0.000000
259,2.590000,2599,-5.268002,-4.658803,18.124180,-1.444888,-0.178925,-7.273590,0.009872,-0.079722,0.000000
260,2.600000,2600,-4.785044,-3.809234,18.120274,-1.483459,-0.156315,-7.270630,0.008627,-0.081867,0.000000
260,2.600000,2601,-4.863284,-5.327444,18.104397,-1.412148,-0.159995,-7.233929,0.008837,-0.078000,0.000000
260,2.600000,2602,-5.241952,-4.017083,18.523800,-1.407878,-0.128826,-7.317400,0.006955,-0.076004,0.000000
260,2.600000,2603,-5.291232,-4.890803,18.532475,-1.368538,-0.131046,-7.320840,0.007071,-0.073845,0.000000
260,2.600000,2604,-5.506452,-5.079333,18.479252,-1.354828,-0.141636,-7.310270,0.007665,-0.073316,0.000000
260,2.600000,2605,-5.236292,-4.012103,18.510990,-1.405728,-0.226816,-7.310910,0.012253,-0.075940,0.000000
260,2.600000,2606,-5.312962,-5.324893,18.161755,-1.417849,-0.180795,-7.318890,0.009955,-0.078068,0.000000
260,2.600000,2607,-4.787954,-3.812004,18.495342,-1.414478,-0.107676,-7.274300,0.005822,-0.076478,0.000000
260,2.600000,2608,-4.810894,-4.248684,17.761726,-1.393698,-0.206535,-7.274869,0.011628,-0.078466,0.000000
260,2.600000,2609,-4.835534,-4.685544,17.766068,-1.374028,-0.207645,-7.276589,0.011688,-0.077340,0.000000
261,2.610000,2610,-5.003502,-3.596553,18.168728,-1.497938,-0.166115,-7.280720,0.009143,-0.082446,0.000000
261,2.610000,2611,-5.317412,-5.327283,18.537436,-1.490088,-0.033696,-7.322860,0.001818,-0.080383,0.000000
261,2.610000,2612,-5.290021,-4.888214,18.895353,-1.438628,-0.081936,-7.318320,0.004336,-0.076137,0.000000
261,2.610000,2613,-5.484531,-4.439113,18.524387,-1.529748,-0.140545,-7.358100,0.007587,-0.082580,0.000000
261,2.610000,2614,-5.093093,-5.332714,18.517254,-1.346688,-0.122006,-7.354330,0.006589,-0.072726,0.000000
261,2.610000,2615,-5.215972,-3.782873,18.477764,-1.413098,-0.226056,-7.267330,0.012234,-0.076476,0.000000
261,2.610000,2616,-4.835534,-4.685544,17.766068,-1.374028,-0.207645,-7.276589,0.011688,-0.077340,0.000000
261,2.610000,2617,-5.052782,-4.470273,18.177410,-1.458598,-0.168335,-7.284160,0.009261,-0.080242,0.000000
261,2.610000,2618,-5.013483,-3.809163,18.152645,-1.487788,-0.068476,-7.245350,0.003772,-0.081960,0.000000
261,2.610000,2619,-5.294342,-5.095844,18.866468,-1.426328,-0.082286,-7.276460,0.004361,-0.075601,0.000000
262,2.620000,2620,-5.685450,-4.205212,18.510109,-1.398078,-0.248396,-7.282450,0.013419,-0.075531,0.000000
262,2.620000,2621,-5.499221,-4.868933,18.133068,-1.436109,-0.189926,-7.348460,0.010474,-0.079198,0.000000
262,2.620000,2622,-5.291232,-4.890803,18.532475,-1.368538,-0.131046,-7.320840,0.007071,-0.073845,0.000000
262,2.620000,2623,-5.243332,-4.016373,18.531582,-1.548678,-0.227185,-7.318600,0.012259,-0.083570,0.000000
262,2.620000,2624,-4.863084,-5.125175,18.145477,-1.285378,-0.160116,-7.281980,0.008824,-0.070837,0.000000
262,2.620000,2625,-5.243522,-4.222503,18.857166,-1.324448,-0.178525,-7.272720,0.009467,-0.070236,0.000000
262,2.620000,2626,-5.032462,-4.241043,18.144176,-1.465968,-0.167575,-7.240580,0.009236,-0.080796,0.000000
262,2.620000,2627,-5.298302,-5.100643,18.141323,-1.427368,-0.082046,-7.281800,0.004523,-0.078680,0.000000
262,2.620000,2628,-5.691830,-4.216802,18.540075,-1.540349,-0.149505,-7.354311,0.008064,-0.083082,0.000000
262,2.620000,2629,-5.501971,-4.871142,17.770802,-1.507238,-0.140575,-7.351280,0.007910,-0.084815,0.000000
263,2.630000,2630,-5.253342,-4.434553,18.103756,-1.454409,-0.080176,-7.236500,0.004429,-0.080337,0.000000
263,2.630000,2631,-5.246112,-4.224153,17.757572,-1.535688,-0.128465,-7.274690,0.007234,-0.086481,0.000000
263,2.630000,2632,-5.060012,-4.680674,18.523586,-1.377318,-0.120046,-7.245970,0.006481,-0.074355,0.000000
263,2.630000,2633,-4.806575,-4.041054,17.790619,-1.405998,-0.206185,-7.316730,0.011590,-0.079030,0.000000
263,2.630000,2634,-4.845844,-4.895414,18.857983,-1.434658,-0.159966,-7.240750,0.008483,-0.076077,0.000000
263,2.630000,2635,-5.263681,-4.451173,18.153072,-1.457189,-0.178575,-7.315450,0.009837,-0.080272,0.000000
263,2.630000,2636,-5.495230,-4.656143,18.519430,-1.519309,-0.041976,-7.245790,0.002267,-0.082039,0.000000
263,2.630000,2637,-5.525561,-5.305974,18.875364,-1.417548,-0.093286,-7.351330,0.004942,-0.075100,0.000000
263,2.630000,2638,-5.449942,-3.995213,18.124393,-1.475449,-0.187705,-7.345020,0.010357,-0.081407,0.000000
263,2.630000,2639,-5.266592,-4.453943,18.528141,-1.388208,-0.129936,-7.319120,0.007013,-0.074924,0.000000
264,2.640000,2640,-4.810894,-4.248684,17.761726,-1.393698,-0.206535,-7.274869,0.011628,-0.078466,0.000000
264,2.640000,2641,-5.223042,-3.992713,18.086613,-1.471929,-0.177055,-7.228290,0.009789,-0.081382,0.000000
264,2.640000,2642,-5.075883,-4.907514,18.181122,-1.297708,-0.267905,-7.285579,0.014735,-0.071377,0.000000
264,2.640000,2643,-5.269671,-4.453413,19.273870,-1.530119,-0.130545,-7.321470,0.006773,-0.079388,0.000000
264,2.640000,2644,-5.722000,-4.863882,18.152637,-1.438289,-0.200076,-7.316690,0.011022,-0.079233,0.000000
264,2.640000,2645,-5.521241,-5.098343,18.904249,-1.429848,-0.092935,-7.393190,0.004916,-0.075636,0.000000
264,2.640000,2646,-5.697360,-4.427022,18.148304,-1.457958,-0.198965,-7.314970,0.010963,-0.080336,0.000000
264,2.640000,2647,-5.061063,-4.682703,17.423378,-1.447338,-0.168446,-7.247640,0.009668,-0.083069,0.000000
264,2.640000,2648,-5.035372,-4.243813,18.519245,-1.396988,-0.118936,-7.244250,0.006422,-0.075434,0.000000
264,2.640000,2649,-4.809844,-4.246654,18.861935,-1.323678,-0.158136,-7.273200,0.008384,-0.070177,0.000000
265,2.650000,2650,-5.055692,-4.473043,18.552479,-1.389618,-0.119696,-7.287830,0.006452,-0.074902,0.000000
265,2.650000,2651,-5.488160,-4.446303,18.910589,-1.460479,-0.090976,-7.284830,0.004811,-0.077231,0.000000
265,2.650000,2652,-5.291232,-4.890803,18.532475,-1.368538,-0.131046,-7.320840,0.007071,-0.073845,0.000000
265,2.650000,2653,-5.506452,-5.079333,18.479252,-1.354828,-0.141636,-7.310270,0.007665,-0.073316,0.000000
265,2.650000,2654,-5.263681,-4.451173,18.153072,-1.457189,-0.178575,-7.315450,0.009837,-0.080272,0.000000
265,2.650000,2655,-4.838614,-4.685014,18.511799,-1.515939,-0.208255,-7.278940,0.011250,-0.081890,0.000000
265,2.650000,2656,-4.806934,-4.243884,18.486866,-1.392658,-0.206775,-7.269529,0.011185,-0.075332,0.000000
265,2.650000,2657,-4.837204,-4.480154,18.915760,-1.459258,-0.159266,-7.324470,0.008420,-0.077145,0.000000
265,2.650000,2658,-5.056902,-4.475634,18.189598,-1.319528,-0.168806,-7.290349,0.009280,-0.072543,0.000000
265,2.650000,2659,-5.243361,-4.221943,18.119839,-1.464559,-0.177815,-7.271870,0.009813,-0.080826,0.000000
266,2.660000,2660,-5.292612,-4.890093,18.540257,-1.509338,-0.229405,-7.322040,0.012373,-0.081409,0.000000
266,2.660000,2661,-5.480601,-4.639884,18.837790,-1.444588,-0.091416,-7.306030,0.004853,-0.076686,0.000000
266,2.660000,2662,-5.269701,-4.658984,18.862127,-1.445998,-0.081176,-7.274740,0.004304,-0.076661,0.000000
266,2.660000,2663,-5.291232,-4.890803,18.532475,-1.368538,-0.131046,-7.320840,0.007071,-0.073845,0.000000
266,2.660000,2664,-5.038154,-4.454014,18.495762,-1.383879,-0.217775,-7.344399,0.011774,-0.074821,0.000000
266,2.660000,2665,-5.058312,-4.680493,17.785637,-1.376209,-0.217795,-7.244820,0.012246,-0.077378,0.000000
266,2.660000,2666,-5.239071,-4.219883,17.736996,-1.392738,-0.128094,-7.267000,0.007222,-0.078522,0.000000
266,2.660000,2667,-5.270912,-4.661573,18.499249,-1.375908,-0.130286,-7.277260,0.007043,-0.074376,0.000000
266,2.660000,2668,-5.503671,-4.871323,18.508749,-1.508348,-0.042826,-7.352430,0.002314,-0.081494,0.000000
266,2.660000,2669,-5.481651,-4.641912,17.737583,-1.514608,-0.139816,-7.307700,0.007882,-0.085390,0.000000
267,2.670000,2670,-5.295522,-4.892863,18.915325,-1.440358,-0.180766,-7.325710,0.009557,-0.076148,0.000000
267,2.670000,2671,-5.288321,-4.888033,18.157406,-1.437518,-0.179685,-7.317170,0.009896,-0.079170,0.000000
267,2.670000,2672,-4.831214,-4.477914,17.794960,-1.386328,-0.207295,-7.318449,0.011649,-0.077906,0.000000
267,2.670000,2673,-5.034033,-4.446464,18.477543,-1.382538,-0.217275,-7.195900,0.011759,-0.074823,0.000000
267,2.670000,2674,-5.039692,-4.451444,18.490353,-1.384688,-0.119286,-7.202390,0.006451,-0.074887,0.000000
267,2.670000,2675,-5.271242,-4.658834,19.607237,-1.446688,-0.180245,-7.276790,0.009193,-0.073783,0.000000
267,2.670000,2676,-5.499221,-4.868933,18.133068,-1.436109,-0.189926,-7.348460,0.010474,-0.079198,0.000000
267,2.670000,2677,-5.484731,-4.641383,18.483313,-1.656519,-0.140426,-7.310050,0.007597,-0.089622,0.000000
267,2.670000,2678,-5.502131,-4.871703,18.508137,-1.367128,-0.141286,-7.352130,0.007634,-0.073866,0.000000
267,2.670000,2679,-5.055692,-4.473043,18.552479,-1.389618,-0.119696,-7.287830,0.006452,-0.074902,0.000000
268,2.680000,2680,-5.040873,-4.248463,18.539215,-1.398718,-0.217766,-7.251639,0.011746,-0.075446,0.000000
268,2.680000,2681,-5.032462,-4.241043,18.144176,-1.465968,-0.167575,-7.240580,0.009236,-0.080796,0.000000
268,2.680000,2682,-5.239042,-4.014313,18.148731,-1.476858,-0.177465,-7.313730,0.009778,-0.081375,0.000000
268,2.680000,2683,-5.478702,-4.437433,18.140923,-1.316708,-0.189286,-7.352930,0.010434,-0.072582,0.000000
268,2.680000,2684,-5.477491,-4.434843,18.503803,-1.386798,-0.140176,-7.350410,0.007576,-0.074947,0.000000
268,2.680000,2685,-5.481651,-4.641912,17.737583,-1.514608,-0.139816,-7.307700,0.007882,-0.085390,0.000000
268,2.680000,2686,-5.290021,-4.888214,18.895353,-1.438628,-0.081936,-7.318320,0.004336,-0.076137,0.000000
268,2.680000,2687,-5.045223,-4.663854,18.104610,-1.442708,-0.168775,-7.305360,0.009322,-0.079687,0.000000
268,2.680000,2688,-5.043653,-4.458433,17.771244,-1.526138,-0.119075,-7.350039,0.006700,-0.085877,0.000000
268,2.680000,2689,-4.851534,-4.707144,17.828186,-1.378958,-0.208055,-7.362029,0.011670,-0.077347,0.000000
269,2.690000,2690,-5.033672,-4.243633,17.781296,-1.395878,-0.216685,-7.243099,0.012186,-0.078503,0.000000
269,2.690000,2691,-5.478901,-4.639703,18.099842,-1.443479,-0.189165,-7.304880,0.010451,-0.079751,0.000000
269,2.690000,2692,-5.266592,-4.453943,18.528141,-1.388208,-0.129936,-7.319120,0.007013,-0.074924,0.000000
269,2.690000,2693,-5.470262,-4.224442,18.157627,-1.468079,-0.188465,-7.388600,0.010379,-0.080852,0.000000
269,2.690000,2694,-5.071204,-4.898064,18.150646,-1.437489,-0.071546,-7.355430,0.003942,-0.079198,0.000000
269,2.690000,2695,-5.068453,-4.895854,18.512905,-1.366358,-0.120896,-7.352610,0.006530,-0.073806,0.000000
269,2.690000,2696,-4.830004,-4.475324,18.157841,-1.456418,-0.158185,-7.315929,0.008712,-0.080209,0.000000
269,2.690000,2697,-5.061063,-4.682703,17.423378,-1.447338,-0.168446,-7.247640,0.009668,-0.083069,0.000000
269,2.690000,2698,-5.266592,-4.453943,18.528141,-1.388208,-0.129936,-7.319120,0.007013,-0.074924,0.000000
269,2.690000,2699,-5.293982,-4.893013,18.170208,-1.439669,-0.081696,-7.323660,0.004496,-0.079232,0.000000
270,2.700000,2700,-5.492480,-4.653933,18.881697,-1.448178,-0.091326,-7.242970,0.004837,-0.076697,0.000000
270,2.700000,2701,-5.478901,-4.639703,18.099842,-1.443479,-0.189165,-7.304880,0.010451,-0.079751,0.000000
270,2.700000,2702,-5.502131,-4.871703,18.508137,-1.367128,-0.141286,-7.352130,0.007634,-0.073866,0.000000
270,2.700000,2703,-5.045383,-4.664413,18.841938,-1.302598,-0.169486,-7.306210,0.008995,-0.069133,0.000000
270,2.700000,2704,-5.045223,-4.663854,18.104610,-1.442708,-0.168775,-7.305360,0.009322,-0.079687,0.000000
270,2.700000,2705,-4.841524,-4.687784,18.886868,-1.446959,-0.159616,-7.282610,0.008451,-0.076612,0.000000
270,2.700000,2706,-5.021793,-4.229584,17.737389,-1.392288,-0.216775,-7.306159,0.012221,-0.078495,0.000000
270,2.700000,2707,-5.270752,-4.661013,17.761921,-1.516018,-0.129575,-7.276410,0.007295,-0.085352,0.000000
270,2.700000,2708,-5.704590,-4.637423,18.494480,-1.376678,-0.150676,-7.276781,0.008147,-0.074437,0.000000
270,2.700000,2709,-5.477491,-4.434843,18.503803,-1.386798,-0.140176,-7.350410,0.007576,-0.074947,0.000000
271,2.710000,2710,-5.268002,-4.658803,18.124180,-1.444888,-0.178925,-7.273590,0.009872,-0.079722,0.000000
271,2.710000,2711,-5.057102,-4.677903,18.148518,-1.446299,-0.168685,-7.242300,0.009295,-0.079692,0.000000
271,2.710000,2712,-5.039692,-4.451444,18.490353,-1.384688,-0.119286,-7.202390,0.006451,-0.074887,0.000000
271,2.710000,2713,-4.834294,-4.477384,18.540691,-1.528238,-0.207905,-7.320799,0.011213,-0.082426,0.000000
271,2.710000,2714,-5.275202,-4.663633,18.882099,-1.447728,-0.180005,-7.282130,0.009533,-0.076672,0.000000
271,2.710000,2715,-5.266592,-4.453943,18.528141,-1.388208,-0.129936,-7.319120,0.007013,-0.074924,0.000000
271,2.710000,2716,-5.504190,-4.673472,18.560972,-1.381288,-0.042015,-7.323540,0.002264,-0.074419,0.000000
271,2.710000,2717,-5.503671,-4.871323,18.508749,-1.508348,-0.042826,-7.352430,0.002314,-0.081494,0.000000
271,2.710000,2718,-5.509690,-4.678123,18.580936,-1.383018,-0.140846,-7.330930,0.007580,-0.074432,0.000000
271,2.710000,2719,-4.837234,-4.685724,18.504017,-1.375138,-0.109896,-7.277740,0.005939,-0.074316,0.000000
272,2.720000,2720,-5.045223,-4.663854,18.104610,-1.442708,-0.168775,-7.305360,0.009322,-0.079687,0.000000
272,2.720000,2721,-5.052782,-4.470273,18.177410,-1.458598,-0.168335,-7.284160,0.009261,-0.080242,0.000000
272,2.720000,2722,-5.053992,-4.472863,17.814529,-1.388508,-0.217445,-7.286679,0.012206,-0.077942,0.000000
272,2.720000,2723,-5.266592,-4.453943,18.528141,-1.388208,-0.129936,-7.319120,0.007013,-0.074924,0.000000
272,2.720000,2724,-5.700270,-4.429792,18.523373,-1.388978,-0.150326,-7.318640,0.008115,-0.074985,0.000000
272,2.720000,2725,-5.477691,-4.637113,18.462721,-1.513569,-0.140056,-7.302360,0.007586,-0.081980,0.000000
272,2.720000,2726,-5.291072,-4.890243,17.795139,-1.508648,-0.130335,-7.319990,0.007324,-0.084779,0.000000
272,2.720000,2727,-5.068453,-4.895854,18.512905,-1.366358,-0.120896,-7.352610,0.006530,-0.073806,0.000000
272,2.720000,2728,-4.834324,-4.682954,18.128948,-1.444118,-0.158535,-7.274070,0.008745,-0.079658,0.000000
272,2.720000,2729,-5.060012,-4.680674,18.523586,-1.377318,-0.120046,-7.245970,0.006481,-0.074355,0.000000
273,2.730000,2730,-5.266592,-4.453943,18.528141,-1.388208,-0.129936,-7.319120,0.007013,-0.074924,0.000000
273,2.730000,2731,-5.265381,-4.451354,18.891020,-1.458298,-0.080826,-7.316600,0.004279,-0.077195,0.000000
273,2.730000,2732,-5.269342,-4.456153,18.165874,-1.459338,-0.080586,-7.321940,0.004436,-0.080334,0.000000
273,2.730000,2733,-5.477491,-4.434843,18.503803,-1.386798,-0.140176,-7.350410,0.007576,-0.074947,0.000000
273,2.730000,2734,-5.286912,-4.683173,18.561367,-1.380838,-0.130696,-7.362700,0.007041,-0.074393,0.000000
273,2.730000,2735,-5.057102,-4.677903,18.148518,-1.446299,-0.168685,-7.242300,0.009295,-0.079692,0.000000
273,2.730000,2736,-5.077422,-4.907133,18.181744,-1.438929,-0.169445,-7.285880,0.009320,-0.079141,0.000000
273,2.730000,2737,-4.858964,-5.119814,18.133289,-1.424448,-0.159645,-7.275790,0.008804,-0.078554,0.000000
273,2.730000,2738,-5.291232,-4.890803,18.532475,-1.368538,-0.131046,-7.320840,0.007071,-0.073845,0.000000
273,2.730000,2739,-5.270912,-4.661573,18.499249,-1.375908,-0.130286,-7.277260,0.007043,-0.074376,0.000000
274,2.740000,2740,-5.500921,-4.869113,18.871016,-1.437218,-0.092176,-7.349610,0.004885,-0.076160,0.000000
274,2.740000,2741,-5.497811,-4.664073,18.537029,-1.379428,-0.140936,-7.393990,0.007603,-0.074415,0.000000
274,2.740000,2742,-5.266592,-4.453943,18.528141,-1.388208,-0.129936,-7.319120,0.007013,-0.074924,0.000000
274,2.740000,2743,-4.834324,-4.682954,18.128948,-1.444118,-0.158535,-7.274070,0.008745,-0.079658,0.000000
274,2.740000,2744,-5.263681,-4.451173,18.153072,-1.457189,-0.178575,-7.315450,0.009837,-0.080272,0.000000
274,2.740000,2745,-5.295552,-5.098433,18.503590,-1.356238,-0.131396,-7.278980,0.007101,-0.073296,0.000000
274,2.740000,2746,-5.286912,-4.683173,18.561367,-1.380838,-0.130696,-7.362700,0.007041,-0.074393,0.000000
274,2.740000,2747,-5.275202,-4.663633,18.882099,-1.447728,-0.180005,-7.282130,0.009533,-0.076672,0.000000
274,2.740000,2748,-5.724910,-4.866652,18.527706,-1.369308,-0.151436,-7.320360,0.008174,-0.073906,0.000000
274,2.740000,2749,-5.266592,-4.453943,18.528141,-1.388208,-0.129936,-7.319120,0.007013,-0.074924,0.000000
275,2.750000,2750,-5.052423,-4.668684,18.862530,-1.445548,-0.169855,-7.313900,0.009005,-0.076636,0.000000
275,2.750000,2751,-5.048133,-4.666624,18.479679,-1.373728,-0.120136,-7.309030,0.006501,-0.074337,0.000000
275,2.750000,2752,-4.830004,-4.475324,18.157841,-1.456418,-0.158185,-7.315929,0.008712,-0.080209,0.000000
275,2.750000,2753,-5.078632,-4.909723,17.818863,-1.368839,-0.218555,-7.288399,0.012265,-0.076820,0.000000
275,2.750000,2754,-5.265381,-4.451354,18.891020,-1.458298,-0.080826,-7.316600,0.004279,-0.077195,0.000000
275,2.750000,2755,-5.270912,-4.661573,18.499249,-1.375908,-0.130286,-7.277260,0.007043,-0.074376,0.000000
275,2.750000,2756,-5.716469,-4.653662,18.544409,-1.520678,-0.150616,-7.356030,0.008122,-0.082002,0.000000
275,2.750000,2757,-5.477491,-4.434843,18.503803,-1.386798,-0.140176,-7.350410,0.007576,-0.074947,0.000000
275,2.750000,2758,-5.266592,-4.453943,18.528141,-1.388208,-0.129936,-7.319120,0.007013,-0.074924,0.000000
275,2.750000,2759,-5.270912,-4.661573,18.499249,-1.375908,-0.130286,-7.277260,0.007043,-0.074376,0.000000
276,2.760000,2760,-5.263681,-4.451173,18.153072,-1.457189,-0.178575,-7.315450,0.009837,-0.080272,0.000000
276,2.760000,2761,-4.834324,-4.682954,18.128948,-1.444118,-0.158535,-7.274070,0.008745,-0.079658,0.000000
276,2.760000,2762,-5.045223,-4.663854,18.104610,-1.442708,-0.168775,-7.305360,0.009322,-0.079687,0.000000
276,2.760000,2763,-5.477691,-4.637113,18.462721,-1.513569,-0.140056,-7.302360,0.007586,-0.081980,0.000000
276,2.760000,2764,-5.700270,-4.429792,18.523373,-1.388978,-0.150326,-7.318640,0.008115,-0.074985,0.000000
276,2.760000,2765,-5.481812,-4.642473,18.474911,-1.374498,-0.140526,-7.308550,0.007606,-0.074398,0.000000
276,2.760000,2766,-5.260932,-4.448963,18.515331,-1.386059,-0.227926,-7.312630,0.012310,-0.074860,0.000000
276,2.760000,2767,-4.832914,-4.478094,18.532909,-1.387438,-0.109546,-7.319600,0.005911,-0.074863,0.000000
276,2.760000,2768,-5.053992,-4.472863,17.814529,-1.388508,-0.217445,-7.286679,0.012206,-0.077942,0.000000
276,2.760000,2769,-5.056902,-4.475634,18.189598,-1.319528,-0.168806,-7.290349,0.009280,-0.072543,0.000000
277,2.770000,2770,-5.291232,-4.890803,18.532475,-1.368538,-0.131046,-7.320840,0.007071,-0.073845,0.000000
277,2.770000,2771,-5.266592,-4.453943,18.528141,-1.388208,-0.129936,-7.319120,0.007013,-0.074924,0.000000
277,2.770000,2772,-5.266592,-4.453943,18.528141,-1.388208,-0.129936,-7.319120,0.007013,-0.074924,0.000000
277,2.770000,2773,-5.489370,-4.448893,18.547710,-1.390388,-0.140086,-7.287350,0.007553,-0.074963,0.000000
277,2.770000,2774,-5.266592,-4.453943,18.528141,-1.388208,-0.129936,-7.319120,0.007013,-0.074924,0.000000
277,2.770000,2775,-5.291232,-4.890803,18.532475,-1.368538,-0.131046,-7.320840,0.007071,-0.073845,0.000000
277,2.770000,2776,-5.051243,-4.470654,18.176788,-1.317378,-0.266795,-7.283859,0.014678,-0.072476,0.000000
277,2.770000,2777,-4.830004,-4.475324,18.157841,-1.456418,-0.158185,-7.315929,0.008712,-0.080209,0.000000
277,2.770000,2778,-5.073102,-4.699503,18.210636,-1.451228,-0.169095,-7.327739,0.009286,-0.079691,0.000000
277,2.770000,2779,-5.265381,-4.451354,18.891020,-1.458298,-0.080826,-7.316600,0.004279,-0.077195,0.000000
278,2.780000,2780,-5.499221,-4.868933,18.133068,-1.436109,-0.189926,-7.348460,0.010474,-0.079198,0.000000
278,2.780000,2781,-5.265381,-4.451354,18.891020,-1.458298,-0.080826,-7.316600,0.004279,-0.077195,0.000000
278,2.780000,2782,-5.477491,-4.434843,18.503803,-1.386798,-0.140176,-7.350410,0.007576,-0.074947,0.000000
278,2.780000,2783,-5.061222,-4.683264,18.160706,-1.307228,-0.169156,-7.248490,0.009314,-0.071981,0.000000
278,2.780000,2784,-5.027813,-4.437394,18.446445,-1.381098,-0.119376,-7.265450,0.006471,-0.074871,0.000000
278,2.780000,2785,-4.809714,-4.451664,17.712872,-1.379668,-0.108055,-7.225620,0.006100,-0.077891,0.000000
278,2.780000,2786,-5.059853,-4.680113,17.786259,-1.517428,-0.119336,-7.245120,0.006709,-0.085315,0.000000
278,2.780000,2787,-5.521080,-5.095592,18.160900,-1.429548,-0.092196,-7.250031,0.005077,-0.078716,0.000000
278,2.780000,2788,-5.287111,-4.885443,18.520285,-1.507608,-0.130575,-7.314650,0.007050,-0.081403,0.000000
278,2.780000,2789,-5.700270,-4.429792,18.523373,-1.388978,-0.150326,-7.318640,0.008115,-0.074985,0.000000
279,2.790000,2790,-5.262301,-4.451883,18.145298,-1.316388,-0.080215,-7.314250,0.004421,-0.072547,0.000000
279,2.790000,2791,-5.052782,-4.470273,18.177410,-1.458598,-0.168335,-7.284160,0.009261,-0.080242,0.000000
279,2.790000,2792,-4.832914,-4.478094,18.532909,-1.387438,-0.109546,-7.319600,0.005911,-0.074863,0.000000
279,2.790000,2793,-4.834324,-4.682954,18.128948,-1.444118,-0.158535,-7.274070,0.008745,-0.079658,0.000000
279,2.790000,2794,-5.266791,-4.656213,18.487059,-1.514978,-0.129815,-7.271070,0.007022,-0.081948,0.000000
279,2.790000,2795,-5.290021,-4.888214,18.895353,-1.438628,-0.081936,-7.318320,0.004336,-0.076137,0.000000
279,2.790000,2796,-5.504881,-4.873913,18.145870,-1.438258,-0.091936,-7.354950,0.005066,-0.079261,0.000000
279,2.790000,2797,-5.265381,-4.451354,18.891020,-1.458298,-0.080826,-7.316600,0.004279,-0.077195,0.000000
279,2.790000,2798,-5.263681,-4.451173,18.153072,-1.457189,-0.178575,-7.315450,0.009837,-0.080272,0.000000
279,2.790000,2799,-5.028143,-4.033413,18.173069,-1.478269,-0.167225,-7.282440,0.009202,-0.081344,0.000000
280,2.800000,2800,-4.809684,-4.246094,18.124607,-1.463788,-0.157425,-7.272349,0.008686,-0.080762,0.000000
280,2.800000,2801,-5.247682,-4.429573,18.090946,-1.452258,-0.178165,-7.230010,0.009848,-0.080275,0.000000
280,2.800000,2802,-5.270882,-4.456003,18.910992,-1.460029,-0.179655,-7.323990,0.009500,-0.077205,0.000000
280,2.800000,2803,-5.500921,-4.869113,18.871016,-1.437218,-0.092176,-7.349610,0.004885,-0.076160,0.000000
280,2.800000,2804,-5.500921,-4.869113,18.871016,-1.437218,-0.092176,-7.349610,0.004885,-0.076160,0.000000
280,2.800000,2805,-5.473371,-4.429483,18.491613,-1.525868,-0.139706,-7.344220,0.007555,-0.082517,0.000000
280,2.800000,2806,-5.038154,-4.454014,18.495762,-1.383879,-0.217775,-7.344399,0.011774,-0.074821,0.000000
280,2.800000,2807,-5.265252,-4.656593,18.486439,-1.373758,-0.228275,-7.270770,0.012348,-0.074312,0.000000
280,2.800000,2808,-5.020583,-4.226994,18.100269,-1.462379,-0.167665,-7.303639,0.009263,-0.080793,0.000000
280,2.800000,2809,-4.833114,-4.680364,18.491827,-1.514209,-0.109425,-7.271550,0.005918,-0.081885,0.000000
281,2.810000,2810,-5.265252,-4.656593,18.486439,-1.373758,-0.228275,-7.270770,0.012348,-0.074312,0.000000
281,2.810000,2811,-5.509890,-4.880393,18.539854,-1.509788,-0.140725,-7.282880,0.007590,-0.081435,0.000000
281,2.810000,2812,-5.724910,-4.866652,18.527706,-1.369308,-0.151436,-7.320360,0.008174,-0.073906,0.000000
281,2.810000,2813,-5.477691,-4.637113,18.462721,-1.513569,-0.140056,-7.302360,0.007586,-0.081980,0.000000
281,2.810000,2814,-5.039693,-4.453634,18.496382,-1.525099,-0.119315,-7.344699,0.006451,-0.082454,0.000000
281,2.810000,2815,-5.033672,-4.243633,17.781296,-1.395878,-0.216685,-7.243099,0.012186,-0.078503,0.000000
281,2.810000,2816,-4.810894,-4.248684,17.761726,-1.393698,-0.206535,-7.274869,0.011628,-0.078466,0.000000
281,2.810000,2817,-4.832914,-4.478094,18.532909,-1.387438,-0.109546,-7.319600,0.005911,-0.074863,0.000000
281,2.810000,2818,-5.263681,-4.451173,18.153072,-1.457189,-0.178575,-7.315450,0.009837,-0.080272,0.000000
281,2.810000,2819,-5.287111,-4.885443,18.520285,-1.507608,-0.130575,-7.314650,0.007050,-0.081403,0.000000
282,2.820000,2820,-5.311362,-4.913903,18.240124,-1.585399,-0.180465,-7.410299,0.009894,-0.086918,0.000000
282,2.820000,2821,-5.284002,-4.680403,18.186298,-1.449819,-0.179335,-7.359029,0.009861,-0.079720,0.000000
282,2.820000,2822,-5.269342,-4.456153,18.165874,-1.459338,-0.080586,-7.321940,0.004436,-0.080334,0.000000
282,2.820000,2823,-5.243361,-4.221943,18.119839,-1.464559,-0.177815,-7.271870,0.009813,-0.080826,0.000000
282,2.820000,2824,-4.809684,-4.246094,18.124607,-1.463788,-0.157425,-7.272349,0.008686,-0.080762,0.000000
282,2.820000,2825,-5.057262,-4.678463,18.885845,-1.306189,-0.169396,-7.243150,0.008969,-0.069162,0.000000
282,2.820000,2826,-5.272322,-4.866433,18.095295,-1.432589,-0.179275,-7.231730,0.009907,-0.079169,0.000000
282,2.820000,2827,-5.477691,-4.637113,18.462721,-1.513569,-0.140056,-7.302360,0.007586,-0.081980,0.000000
282,2.820000,2828,-5.496601,-4.661483,18.899908,-1.449518,-0.091826,-7.391469,0.004859,-0.076694,0.000000
282,2.820000,2829,-5.700270,-4.429792,18.523373,-1.388978,-0.150326,-7.318640,0.008115,-0.074985,0.000000
283,2.830000,2830,-5.262471,-4.448583,18.515951,-1.527279,-0.129465,-7.312930,0.006992,-0.082484,0.000000
283,2.830000,2831,-5.043813,-4.458994,18.508572,-1.386028,-0.119786,-7.350890,0.006472,-0.074886,0.000000
283,2.830000,2832,-4.805365,-4.038464,18.153500,-1.476089,-0.157075,-7.314210,0.008653,-0.081312,0.000000
283,2.830000,2833,-4.832914,-4.478094,18.532909,-1.387438,-0.109546,-7.319600,0.005911,-0.074863,0.000000
283,2.830000,2834,-5.266592,-4.453943,18.528141,-1.388208,-0.129936,-7.319120,0.007013,-0.074924,0.000000
283,2.830000,2835,-5.275202,-4.663633,18.882099,-1.447728,-0.180005,-7.282130,0.009533,-0.076672,0.000000
283,2.830000,2836,-5.500921,-4.869113,18.871016,-1.437218,-0.092176,-7.349610,0.004885,-0.076160,0.000000
283,2.830000,2837,-5.724910,-4.866652,18.527706,-1.369308,-0.151436,-7.320360,0.008174,-0.073906,0.000000
283,2.830000,2838,-5.246272,-4.224713,18.494907,-1.395578,-0.129176,-7.275540,0.006984,-0.075457,0.000000
283,2.830000,2839,-5.052782,-4.470273,18.177410,-1.458598,-0.168335,-7.284160,0.009261,-0.080242,0.000000
284,2.840000,2840,-4.809684,-4.246094,18.124607,-1.463788,-0.157425,-7.272349,0.008686,-0.080762,0.000000
284,2.840000,2841,-4.806934,-4.243884,18.486866,-1.392658,-0.206775,-7.269529,0.011185,-0.075332,0.000000
284,2.840000,2842,-5.040903,-4.456223,18.133503,-1.455009,-0.168425,-7.347219,0.009288,-0.080239,0.000000
284,2.840000,2843,-5.489570,-4.651163,18.506628,-1.517158,-0.139965,-7.239300,0.007563,-0.081979,0.000000
284,2.840000,2844,-5.291401,-4.887504,18.903135,-1.579428,-0.180295,-7.319520,0.009538,-0.083554,0.000000
284,2.840000,2845,-5.500921,-4.869113,18.871016,-1.437218,-0.092176,-7.349610,0.004885,-0.076160,0.000000
284,2.840000,2846,-5.052782,-4.470273,18.177410,-1.458598,-0.168335,-7.284160,0.009261,-0.080242,0.000000
284,2.840000,2847,-4.832914,-4.478094,18.532909,-1.387438,-0.109546,-7.319600,0.005911,-0.074863,0.000000
284,2.840000,2848,-5.035372,-4.243813,18.519245,-1.396988,-0.118936,-7.244250,0.006422,-0.075434,0.000000
284,2.840000,2849,-5.023334,-4.229203,17.738010,-1.533508,-0.118315,-7.306459,0.006670,-0.086453,0.000000
285,2.850000,2850,-5.270752,-4.661013,17.761921,-1.516018,-0.129575,-7.276410,0.007295,-0.085352,0.000000
285,2.850000,2851,-5.269671,-4.453413,19.273870,-1.530119,-0.130545,-7.321470,0.006773,-0.079388,0.000000
285,2.850000,2852,-5.269701,-4.658984,18.862127,-1.445998,-0.081176,-7.274740,0.004304,-0.076661,0.000000
285,2.850000,2853,-5.284002,-4.680403,18.186298,-1.449819,-0.179335,-7.359029,0.009861,-0.079720,0.000000
285,2.850000,2854,-5.262471,-4.448583,18.515951,-1.527279,-0.129465,-7.312930,0.006992,-0.082484,0.000000
285,2.850000,2855,-5.061553,-4.680523,19.268696,-1.378009,-0.219116,-7.248020,0.011372,-0.071515,0.000000
285,2.850000,2856,-5.032104,-4.439454,18.829296,-1.452918,-0.169095,-7.270320,0.008980,-0.077163,0.000000
285,2.850000,2857,-5.032104,-4.439454,18.829296,-1.452918,-0.169095,-7.270320,0.008980,-0.077163,0.000000
285,2.850000,2858,-5.060012,-4.680674,18.523586,-1.377318,-0.120046,-7.245970,0.006481,-0.074355,0.000000
285,2.850000,2859,-5.481812,-4.642473,18.474911,-1.374498,-0.140526,-7.308550,0.007606,-0.074398,0.000000
286,2.860000,2860,-5.477851,-4.637673,19.200048,-1.373458,-0.140766,-7.303210,0.007332,-0.071534,0.000000
286,2.860000,2861,-5.477691,-4.637113,18.462721,-1.513569,-0.140056,-7.302360,0.007586,-0.081980,0.000000
286,2.860000,2862,-5.062593,-4.688603,18.541176,-1.237437,-0.219007,-7.394169,0.011812,-0.066740,0.000000
286,2.860000,2863,-4.832914,-4.478094,18.532909,-1.387438,-0.109546,-7.319600,0.005911,-0.074863,0.000000
286,2.860000,2864,-4.810894,-4.248684,17.761726,-1.393698,-0.206535,-7.274869,0.011628,-0.078466,0.000000
286,2.860000,2865,-5.024903,-4.434624,18.071377,-1.450078,-0.168015,-7.261780,0.009297,-0.080242,0.000000
286,2.860000,2866,-5.270912,-4.661573,18.499249,-1.375908,-0.130286,-7.277260,0.007043,-0.074376,0.000000
286,2.860000,2867,-5.262631,-4.449143,19.253279,-1.387168,-0.130176,-7.313780,0.006761,-0.072048,0.000000
286,2.860000,2868,-5.480601,-4.639884,18.837790,-1.444588,-0.091416,-7.306030,0.004853,-0.076686,0.000000
286,2.860000,2869,-5.291232,-4.890803,18.532475,-1.368538,-0.131046,-7.320840,0.007071,-0.073845,0.000000
287,2.870000,2870,-5.289862,-4.887653,18.158018,-1.578738,-0.081225,-7.317470,0.004473,-0.086944,0.000000
287,2.870000,2871,-4.830004,-4.475324,18.157841,-1.456418,-0.158185,-7.315929,0.008712,-0.080209,0.000000
287,2.870000,2872,-4.827254,-4.473114,18.520100,-1.385288,-0.207535,-7.313109,0.011206,-0.074799,0.000000
287,2.870000,2873,-5.246272,-4.224713,18.494907,-1.395578,-0.129176,-7.275540,0.006984,-0.075457,0.000000
287,2.870000,2874,-5.262471,-4.448583,18.515951,-1.527279,-0.129465,-7.312930,0.006992,-0.082484,0.000000
287,2.870000,2875,-5.286912,-4.683173,18.561367,-1.380838,-0.130696,-7.362700,0.007041,-0.074393,0.000000
287,2.870000,2876,-5.724910,-4.866652,18.527706,-1.369308,-0.151436,-7.320360,0.008174,-0.073906,0.000000
287,2.870000,2877,-5.287111,-4.885443,18.520285,-1.507608,-0.130575,-7.314650,0.007050,-0.081403,0.000000
287,2.870000,2878,-5.275202,-4.663633,18.882099,-1.447728,-0.180005,-7.282130,0.009533,-0.076672,0.000000
287,2.870000,2879,-5.048133,-4.666624,18.479679,-1.373728,-0.120136,-7.309030,0.006501,-0.074337,0.000000
288,2.880000,2880,-4.809684,-4.246094,18.124607,-1.463788,-0.157425,-7.272349,0.008686,-0.080762,0.000000
288,2.880000,2881,-5.266592,-4.453943,18.528141,-1.388208,-0.129936,-7.319120,0.007013,-0.074924,0.000000
288,2.880000,2882,-4.816914,-4.456494,18.470783,-1.382508,-0.109136,-7.234160,0.005909,-0.074848,0.000000
288,2.880000,2883,-5.269701,-4.658984,18.862127,-1.445998,-0.081176,-7.274740,0.004304,-0.076661,0.000000
288,2.880000,2884,-5.719379,-4.656433,18.919477,-1.451698,-0.101976,-7.359700,0.005390,-0.076730,0.000000
288,2.880000,2885,-5.502131,-4.871703,18.508137,-1.367128,-0.141286,-7.352130,0.007634,-0.073866,0.000000
288,2.880000,2886,-5.295552,-5.098433,18.503590,-1.356238,-0.131396,-7.278980,0.007101,-0.073296,0.000000
288,2.880000,2887,-5.065543,-4.893084,18.137836,-1.435338,-0.169535,-7.348939,0.009347,-0.079135,0.000000
288,2.880000,2888,-4.830004,-4.475324,18.157841,-1.456418,-0.158185,-7.315929,0.008712,-0.080209,0.000000
288,2.880000,2889,-5.042474,-4.661644,18.466869,-1.371578,-0.218126,-7.302540,0.011812,-0.074272,0.000000
289,2.890000,2890,-5.260932,-4.448963,18.515331,-1.386059,-0.227926,-7.312630,0.012310,-0.074860,0.000000
289,2.890000,2891,-5.481812,-4.642473,18.474911,-1.374498,-0.140526,-7.308550,0.007606,-0.074398,0.000000
289,2.890000,2892,-5.500921,-4.869113,18.871016,-1.437218,-0.092176,-7.349610,0.004885,-0.076160,0.000000
289,2.890000,2893,-5.265222,-4.450793,18.153685,-1.598408,-0.080115,-7.315750,0.004413,-0.088049,0.000000
289,2.890000,2894,-5.045223,-4.663854,18.104610,-1.442708,-0.168775,-7.305360,0.009322,-0.079687,0.000000
289,2.890000,2895,-5.268002,-4.658803,18.124180,-1.444888,-0.178925,-7.273590,0.009872,-0.079722,0.000000
289,2.890000,2896,-4.835534,-4.685544,17.766068,-1.374028,-0.207645,-7.276589,0.011688,-0.077340,0.000000
289,2.890000,2897,-4.812594,-4.248864,18.499676,-1.394808,-0.108786,-7.276020,0.005880,-0.075396,0.000000
289,2.890000,2898,-5.457171,-4.205613,18.470570,-1.394168,-0.139416,-7.306830,0.007548,-0.075481,0.000000
289,2.890000,2899,-5.476281,-4.432253,18.866682,-1.456888,-0.091066,-7.347890,0.004827,-0.077220,0.000000
290,2.900000,2900,-5.477691,-4.637113,18.462721,-1.513569,-0.140056,-7.302360,0.007586,-0.081980,0.000000
290,2.900000,2901,-5.266592,-4.453943,18.528141,-1.388208,-0.129936,-7.319120,0.007013,-0.074924,0.000000
290,2.900000,2902,-5.272121,-4.664164,18.136368,-1.305818,-0.179396,-7.279780,0.009891,-0.072000,0.000000
290,2.900000,2903,-5.053992,-4.472863,17.814529,-1.388508,-0.217445,-7.286679,0.012206,-0.077942,0.000000
290,2.900000,2904,-4.806934,-4.243884,18.486866,-1.392658,-0.206775,-7.269529,0.011185,-0.075332,0.000000
290,2.900000,2905,-5.039693,-4.453634,18.496382,-1.525099,-0.119315,-7.344699,0.006451,-0.082454,0.000000
290,2.900000,2906,-5.266592,-4.453943,18.528141,-1.388208,-0.129936,-7.319120,0.007013,-0.074924,0.000000
290,2.900000,2907,-5.498011,-4.866343,18.495947,-1.506199,-0.140816,-7.345940,0.007613,-0.081434,0.000000
290,2.900000,2908,-5.250592,-4.434534,18.472044,-1.523688,-0.129556,-7.375989,0.007014,-0.082486,0.000000
290,2.900000,2909,-5.291072,-4.890243,17.795139,-1.508648,-0.130335,-7.319990,0.007324,-0.084779,0.000000
291,2.910000,2910,-4.834324,-4.682954,18.128948,-1.444118,-0.158535,-7.274070,0.008745,-0.079658,0.000000
291,2.910000,2911,-5.045223,-4.663854,18.104610,-1.442708,-0.168775,-7.305360,0.009322,-0.079687,0.000000
291,2.910000,2912,-4.854804,-4.912744,18.899502,-1.296638,-0.160006,-7.318500,0.008466,-0.068607,0.000000
291,2.910000,2913,-5.042603,-4.456404,18.871450,-1.456118,-0.070676,-7.348370,0.003745,-0.077160,0.000000
291,2.910000,2914,-5.493690,-4.656523,18.518818,-1.378088,-0.140436,-7.245491,0.007583,-0.074416,0.000000
291,2.910000,2915,-5.480601,-4.639884,18.837790,-1.444588,-0.091416,-7.306030,0.004853,-0.076686,0.000000
291,2.910000,2916,-5.699059,-4.427202,18.886251,-1.459068,-0.101216,-7.316120,0.005359,-0.077256,0.000000
291,2.910000,2917,-5.064134,-4.688224,18.541798,-1.378658,-0.120546,-7.394469,0.006501,-0.074354,0.000000
291,2.910000,2918,-5.040903,-4.456223,18.133503,-1.455009,-0.168425,-7.347219,0.009288,-0.080239,0.000000
291,2.910000,2919,-4.832754,-4.477533,17.795582,-1.527548,-0.108836,-7.318749,0.006116,-0.085839,0.000000
292,2.920000,2920,-5.082952,-5.117353,17.789978,-1.356538,-0.218905,-7.246540,0.012305,-0.076253,0.000000
292,2.920000,2921,-5.057072,-4.472333,18.560261,-1.530418,-0.218055,-7.289030,0.011748,-0.082457,0.000000
292,2.920000,2922,-5.266592,-4.453943,18.528141,-1.388208,-0.129936,-7.319120,0.007013,-0.074924,0.000000
292,2.920000,2923,-5.293982,-4.893013,18.170208,-1.439669,-0.081696,-7.323660,0.004496,-0.079232,0.000000
292,2.920000,2924,-5.265381,-4.451354,18.891020,-1.458298,-0.080826,-7.316600,0.004279,-0.077195,0.000000
292,2.920000,2925,-5.287111,-4.885443,18.520285,-1.507608,-0.130575,-7.314650,0.007050,-0.081403,0.000000
292,2.920000,2926,-5.043813,-4.458994,18.508572,-1.386028,-0.119786,-7.350890,0.006472,-0.074886,0.000000
292,2.920000,2927,-4.832914,-4.478094,18.532909,-1.387438,-0.109546,-7.319600,0.005911,-0.074863,0.000000
292,2.920000,2928,-5.040903,-4.456223,18.133503,-1.455009,-0.168425,-7.347219,0.009288,-0.080239,0.000000
292,2.920000,2929,-5.263842,-4.451733,18.890400,-1.317078,-0.179286,-7.316300,0.009491,-0.069722,0.000000
293,2.930000,2930,-5.292772,-4.890423,18.533087,-1.509759,-0.032586,-7.321140,0.001758,-0.081463,0.000000
293,2.930000,2931,-5.476121,-4.431693,18.129347,-1.596999,-0.090355,-7.347040,0.004984,-0.088089,0.000000
293,2.930000,2932,-5.265381,-4.451354,18.891020,-1.458298,-0.080826,-7.316600,0.004279,-0.077195,0.000000
293,2.930000,2933,-5.265381,-4.451354,18.891020,-1.458298,-0.080826,-7.316600,0.004279,-0.077195,0.000000
293,2.930000,2934,-5.045223,-4.663854,18.104610,-1.442708,-0.168775,-7.305360,0.009322,-0.079687,0.000000
293,2.930000,2935,-5.045223,-4.663854,18.104610,-1.442708,-0.168775,-7.305360,0.009322,-0.079687,0.000000
293,2.930000,2936,-4.834324,-4.682954,18.128948,-1.444118,-0.158535,-7.274070,0.008745,-0.079658,0.000000
293,2.930000,2937,-5.290021,-4.888214,18.895353,-1.438628,-0.081936,-7.318320,0.004336,-0.076137,0.000000
293,2.930000,2938,-5.270912,-4.661573,18.499249,-1.375908,-0.130286,-7.277260,0.007043,-0.074376,0.000000
293,2.930000,2939,-5.699059,-4.427202,18.886251,-1.459068,-0.101216,-7.316120,0.005359,-0.077256,0.000000
294,2.940000,2940,-5.502131,-4.871703,18.508137,-1.367128,-0.141286,-7.352130,0.007634,-0.073866,0.000000
294,2.940000,2941,-5.270912,-4.661573,18.499249,-1.375908,-0.130286,-7.277260,0.007043,-0.074376,0.000000
294,2.940000,2942,-5.270912,-4.661573,18.499249,-1.375908,-0.130286,-7.277260,0.007043,-0.074376,0.000000
294,2.940000,2943,-5.040903,-4.456223,18.133503,-1.455009,-0.168425,-7.347219,0.009288,-0.080239,0.000000
294,2.940000,2944,-5.269212,-4.661393,17.761299,-1.374798,-0.228035,-7.276110,0.012839,-0.077404,0.000000
294,2.940000,2945,-5.268002,-4.658803,18.124180,-1.444888,-0.178925,-7.273590,0.009872,-0.079722,0.000000
294,2.940000,2946,-5.289532,-4.890623,17.794525,-1.367428,-0.228795,-7.319689,0.012858,-0.076845,0.000000
294,2.940000,2947,-5.268132,-4.453563,18.528753,-1.529428,-0.031476,-7.319420,0.001699,-0.082544,0.000000
294,2.940000,2948,-5.708714,-4.644973,18.512684,-1.378018,-0.151176,-7.425280,0.008166,-0.074436,0.000000
294,2.940000,2949,-5.477691,-4.637113,18.462721,-1.513569,-0.140056,-7.302360,0.007586,-0.081980,0.000000
295,2.950000,2950,-4.831414,-4.680183,17.753880,-1.513099,-0.207176,-7.270400,0.011669,-0.085226,0.000000
295,2.950000,2951,-4.830004,-4.475324,18.157841,-1.456418,-0.158185,-7.315929,0.008712,-0.080209,0.000000
295,2.950000,2952,-4.834324,-4.682954,18.128948,-1.444118,-0.158535,-7.274070,0.008745,-0.079658,0.000000
295,2.950000,2953,-5.049513,-4.665914,18.487461,-1.514528,-0.218495,-7.310230,0.011819,-0.081922,0.000000
295,2.950000,2954,-5.269701,-4.658984,18.862127,-1.445998,-0.081176,-7.274740,0.004304,-0.076661,0.000000
295,2.950000,2955,-5.476121,-4.431693,18.129347,-1.596999,-0.090355,-7.347040,0.004984,-0.088089,0.000000
295,2.950000,2956,-5.500921,-4.869113,18.871016,-1.437218,-0.092176,-7.349610,0.004885,-0.076160,0.000000
295,2.950000,2957,-5.477331,-4.434282,17.766468,-1.526909,-0.139465,-7.349560,0.007850,-0.085943,0.000000
295,2.950000,2958,-5.263681,-4.451173,18.153072,-1.457189,-0.178575,-7.315450,0.009837,-0.080272,0.000000
295,2.950000,2959,-4.831574,-4.680744,18.491207,-1.372988,-0.207885,-7.271250,0.011242,-0.074251,0.000000
296,2.960000,2960,-4.834324,-4.682954,18.128948,-1.444118,-0.158535,-7.274070,0.008745,-0.079658,0.000000
296,2.960000,2961,-5.065543,-4.893084,18.137836,-1.435338,-0.169535,-7.348939,0.009347,-0.079135,0.000000
296,2.960000,2962,-5.505241,-5.076744,18.842131,-1.424918,-0.092526,-7.307750,0.004911,-0.075624,0.000000
296,2.960000,2963,-5.480601,-4.639884,18.837790,-1.444588,-0.091416,-7.306030,0.004853,-0.076686,0.000000
296,2.960000,2964,-5.474581,-4.432073,18.128735,-1.455778,-0.188815,-7.346740,0.010415,-0.080302,0.000000
296,2.960000,2965,-5.246272,-4.224713,18.494907,-1.395578,-0.129176,-7.275540,0.006984,-0.075457,0.000000
296,2.960000,2966,-5.260932,-4.448963,18.515331,-1.386059,-0.227926,-7.312630,0.012310,-0.074860,0.000000
296,2.960000,2967,-4.834324,-4.682954,18.128948,-1.444118,-0.158535,-7.274070,0.008745,-0.079658,0.000000
296,2.960000,2968,-4.809684,-4.246094,18.124607,-1.463788,-0.157425,-7.272349,0.008686,-0.080762,0.000000
296,2.960000,2969,-5.080332,-4.909904,18.556812,-1.369948,-0.120806,-7.289550,0.006510,-0.073825,0.000000
297,2.970000,2970,-5.269701,-4.658984,18.862127,-1.445998,-0.081176,-7.274740,0.004304,-0.076661,0.000000
297,2.970000,2971,-5.484731,-4.641383,18.483313,-1.656519,-0.140426,-7.310050,0.007597,-0.089622,0.000000
297,2.970000,2972,-5.500761,-4.868553,18.133680,-1.577328,-0.091465,-7.348760,0.005044,-0.086983,0.000000
297,2.970000,2973,-5.288321,-4.888033,18.157406,-1.437518,-0.179685,-7.317170,0.009896,-0.079170,0.000000
297,2.970000,2974,-5.266592,-4.453943,18.528141,-1.388208,-0.129936,-7.319120,0.007013,-0.074924,0.000000
297,2.970000,2975,-4.809684,-4.246094,18.124607,-1.463788,-0.157425,-7.272349,0.008686,-0.080762,0.000000
297,2.970000,2976,-4.827254,-4.473114,18.520100,-1.385288,-0.207535,-7.313109,0.011206,-0.074799,0.000000
297,2.970000,2977,-4.838614,-4.685014,18.511799,-1.515939,-0.208255,-7.278940,0.011250,-0.081890,0.000000
297,2.970000,2978,-5.271081,-4.658274,18.869909,-1.586798,-0.179535,-7.275940,0.009514,-0.084091,0.000000
297,2.970000,2979,-5.287082,-4.679873,18.932028,-1.591729,-0.179945,-7.361379,0.009505,-0.084076,0.000000
298,2.980000,2980,-5.479031,-4.434463,18.504416,-1.528018,-0.041716,-7.350710,0.002254,-0.082576,0.000000
298,2.980000,2981,-5.270912,-4.661573,18.499249,-1.375908,-0.130286,-7.277260,0.007043,-0.074376,0.000000
298,2.980000,2982,-5.052782,-4.470273,18.177410,-1.458598,-0.168335,-7.284160,0.009261,-0.080242,0.000000
298,2.980000,2983,-4.808145,-4.246474,18.123985,-1.322568,-0.255885,-7.272049,0.014119,-0.072973,0.000000
298,2.980000,2984,-5.265252,-4.656593,18.486439,-1.373758,-0.228275,-7.270770,0.012348,-0.074312,0.000000
298,2.980000,2985,-5.268002,-4.658803,18.124180,-1.444888,-0.178925,-7.273590,0.009872,-0.079722,0.000000
298,2.980000,2986,-5.480601,-4.639884,18.837790,-1.444588,-0.091416,-7.306030,0.004853,-0.076686,0.000000
298,2.980000,2987,-5.700270,-4.429792,18.523373,-1.388978,-0.150326,-7.318640,0.008115,-0.074985,0.000000
298,2.980000,2988,-5.497811,-4.664073,18.537029,-1.379428,-0.140936,-7.393990,0.007603,-0.074415,0.000000
298,2.980000,2989,-5.043813,-4.458994,18.508572,-1.386028,-0.119786,-7.350890,0.006472,-0.074886,0.000000
299,2.990000,2990,-4.830164,-4.475883,18.895168,-1.316308,-0.158896,-7.316780,0.008409,-0.069664,0.000000
299,2.990000,2991,-4.837234,-4.685724,18.504017,-1.375138,-0.109896,-7.277740,0.005939,-0.074316,0.000000
299,2.990000,2992,-4.837234,-4.685724,18.504017,-1.375138,-0.109896,-7.277740,0.005939,-0.074316,0.000000
299,2.990000,2993,-5.062763,-4.682883,18.161327,-1.448448,-0.070696,-7.248790,0.003893,-0.079755,0.000000
299,2.990000,2994,-5.290021,-4.888214,18.895353,-1.438628,-0.081936,-7.318320,0.004336,-0.076137,0.000000
299,2.990000,2995,-5.294342,-5.095844,18.866468,-1.426328,-0.082286,-7.276460,0.004361,-0.075601,0.000000
299,2.990000,2996,-5.720789,-4.861292,18.515516,-1.508379,-0.150966,-7.314170,0.008153,-0.081466,0.000000
299,2.990000,2997,-5.266592,-4.453943,18.528141,-1.388208,-0.129936,-7.319120,0.007013,-0.074924,0.000000
299,2.990000,2998,-5.057102,-4.677903,18.148518,-1.446299,-0.168685,-7.242300,0.009295,-0.079692,0.000000
299,2.990000,2999,-5.033672,-4.243633,17.781296,-1.395878,-0.216685,-7.243099,0.012186,-0.078503,0.000000
300,3.000000,3000,-5.247682,-4.429573,18.090946,-1.452258,-0.178165,-7.230010,0.009848,-0.080275,0.000000
300,3.000000,3001,-5.045223,-4.663854,18.104610,-1.442708,-0.168775,-7.305360,0.009322,-0.079687,0.000000
300,3.000000,3002,-5.270912,-4.661573,18.499249,-1.375908,-0.130286,-7.277260,0.007043,-0.074376,0.000000
300,3.000000,3003,-5.290021,-4.888214,18.895353,-1.438628,-0.081936,-7.318320,0.004336,-0.076137,0.000000
300,3.000000,3004,-5.704590,-4.637423,18.494480,-1.376678,-0.150676,-7.276781,0.008147,-0.074437,0.000000
300,3.000000,3005,-5.263681,-4.451173,18.153072,-1.457189,-0.178575,-7.315450,0.009837,-0.080272,0.000000
300,3.000000,3006,-4.809684,-4.246094,18.124607,-1.463788,-0.157425,-7.272349,0.008686,-0.080762,0.000000
300,3.000000,3007,-5.247682,-4.429573,18.090946,-1.452258,-0.178165,-7.230010,0.009848,-0.080275,0.000000
300,3.000000,3008,-5.247481,-4.227303,18.132027,-1.325488,-0.178286,-7.278059,0.009833,-0.073102,0.000000
300,3.000000,3009,-4.811384,-4.246274,18.862555,-1.464898,-0.059676,-7.273499,0.003164,-0.077662,0.000000
301,3.010000,3010,-5.262471,-4.448583,18.515951,-1.527279,-0.129465,-7.312930,0.006992,-0.082484,0.000000
301,3.010000,3011,-5.480601,-4.639884,18.837790,-1.444588,-0.091416,-7.306030,0.004853,-0.076686,0.000000
301,3.010000,3012,-5.480601,-4.639884,18.837790,-1.444588,-0.091416,-7.306030,0.004853,-0.076686,0.000000
301,3.010000,3013,-5.265381,-4.451354,18.891020,-1.458298,-0.080826,-7.316600,0.004279,-0.077195,0.000000
301,3.010000,3014,-4.827254,-4.473114,18.520100,-1.385288,-0.207535,-7.313109,0.011206,-0.074799,0.000000
301,3.010000,3015,-4.816914,-4.456494,18.470783,-1.382508,-0.109136,-7.234160,0.005909,-0.074848,0.000000
301,3.010000,3016,-5.268002,-4.658803,18.124180,-1.444888,-0.178925,-7.273590,0.009872,-0.079722,0.000000
301,3.010000,3017,-5.247682,-4.429573,18.090946,-1.452258,-0.178165,-7.230010,0.009848,-0.080275,0.000000
301,3.010000,3018,-5.269701,-4.658984,18.862127,-1.445998,-0.081176,-7.274740,0.004304,-0.076661,0.000000
301,3.010000,3019,-5.502331,-5.073973,18.467062,-1.493898,-0.141166,-7.304080,0.007644,-0.080895,0.000000
302,3.020000,3020,-5.502131,-4.871703,18.508137,-1.367128,-0.141286,-7.352130,0.007634,-0.073866,0.000000
302,3.020000,3021,-5.061224,-4.685453,18.166729,-1.447639,-0.169185,-7.390799,0.009313,-0.079686,0.000000
302,3.020000,3022,-4.832914,-4.478094,18.532909,-1.387438,-0.109546,-7.319600,0.005911,-0.074863,0.000000
302,3.020000,3023,-5.017834,-4.224784,18.462528,-1.391249,-0.217016,-7.300819,0.011754,-0.075355,0.000000
302,3.020000,3024,-5.020583,-4.226994,18.100269,-1.462379,-0.167665,-7.303639,0.009263,-0.080793,0.000000
302,3.020000,3025,-5.247682,-4.429573,18.090946,-1.452258,-0.178165,-7.230010,0.009848,-0.080275,0.000000
302,3.020000,3026,-5.270912,-4.661573,18.499249,-1.375908,-0.130286,-7.277260,0.007043,-0.074376,0.000000
302,3.020000,3027,-5.269701,-4.658984,18.862127,-1.445998,-0.081176,-7.274740,0.004304,-0.076661,0.000000
302,3.020000,3028,-5.291232,-4.890803,18.532475,-1.368538,-0.131046,-7.320840,0.007071,-0.073845,0.000000
302,3.020000,3029,-5.481812,-4.642473,18.474911,-1.374498,-0.140526,-7.308550,0.007606,-0.074398,0.000000
303,3.030000,3030,-5.020583,-4.226994,18.100269,-1.462379,-0.167665,-7.303639,0.009263,-0.080793,0.000000
303,3.030000,3031,-4.830004,-4.475324,18.157841,-1.456418,-0.158185,-7.315929,0.008712,-0.080209,0.000000
303,3.030000,3032,-4.813804,-4.251454,18.136795,-1.324718,-0.157896,-7.278539,0.008706,-0.073040,0.000000
303,3.030000,3033,-5.246471,-4.426983,18.453825,-1.522348,-0.129055,-7.227490,0.006993,-0.082495,0.000000
303,3.030000,3034,-5.269542,-4.658423,18.124800,-1.586108,-0.080465,-7.273890,0.004440,-0.087510,0.000000
303,3.030000,3035,-5.688594,-4.618013,18.438375,-1.512158,-0.150295,-7.333650,0.008151,-0.082011,0.000000
303,3.030000,3036,-5.722000,-4.863882,18.152637,-1.438289,-0.200076,-7.316690,0.011022,-0.079233,0.000000
303,3.030000,3037,-5.270752,-4.661013,17.761921,-1.516018,-0.129575,-7.276410,0.007295,-0.085352,0.000000
303,3.030000,3038,-4.833114,-4.680364,18.491827,-1.514209,-0.109425,-7.271550,0.005918,-0.081885,0.000000
303,3.030000,3039,-4.831214,-4.477914,17.794960,-1.386328,-0.207295,-7.318449,0.011649,-0.077906,0.000000
